n: 1000 ellapsed time: 0.000484
x: accurate_solution: approximate_solution relative_error:
0 0 0 nan
0.000999000999000999 0.008941319949272608 0.008941245587442703 8.316650150918452e-06
0.001998001998001998 0.0177838308196665 0.01778368291776727 8.316650148923154e-06
0.002997002997002997 0.02652851480065699 0.02652829417228038 8.316650150385409e-06
0.003996003996003996 0.03517634431848504 0.03517605176913587 8.316650147823495e-06
0.004995004995004995 0.04372828213320723 0.04372791846038309 8.316650149486015e-06
0.005994005994005994 0.0521852814347793 0.05218484742805073 8.316650147898786e-06
0.006993006993006993 0.06054828593818662 0.0605477823792754 8.316650148097027e-06
0.007992007992007992 0.06881822997762721 0.06881765764048471 8.316650147566713e-06
0.008991008991008992 0.0769960385997599 0.07699539825064408 8.316650147995832e-06
0.00999000999000999 0.08508262765602448 0.08508192005357668 8.316650146999111e-06
0.01098901098901099 0.09307890389404549 0.09307812978936565 8.316650147968717e-06
0.01198801198801199 0.1009857650481256 0.1009849251848478 8.316650147384112e-06
0.01298701298701299 0.1088040999288418 0.1088031950432079 8.316650148459279e-06
0.01398601398601399 0.1165347885117481 0.116533819332682 8.31665014802661e-06
0.01498501498501498 0.1241787020252 0.1241776692743794 8.316650148287667e-06
0.01598401598401598 0.1317367030373021 0.1317356074292313 8.316650147656187e-06
0.01698301698301698 0.1392096455419952 0.139208487784076 8.316650148408745e-06
0.01798201798201798 0.1465983750442842 0.1465971558368867 8.31665014821643e-06
0.01898101898101898 0.1539037286446218 0.153902448681154 8.316650148683216e-06
0.01998001998001998 0.161126535122451 0.1611251950894288 8.316650148417765e-06
0.02097902097902098 0.1682676150189193 0.1682662155960338 8.316650148660895e-06
0.02197802197802198 0.1753277807187685 0.175326322578955 8.316650148548106e-06
0.02297702297702298 0.1823078365314126 0.1823063203409169 8.316650148061511e-06
0.02397602397602398 0.1892085787712082 0.1892070051896535 8.316650148304223e-06
0.02497502497502498 0.1960307958369275 0.1960291655173804 8.316650147367244e-06
0.02597402597402598 0.2027752682904422 0.2027735818794773 8.316650147599587e-06
0.02697302697302697 0.2094427689346233 0.2094410270723883 8.316650147059463e-06
0.02797202797202797 0.2160340628904688 0.2160322662107478 8.316650147486203e-06
0.02897102897102897 0.2225499076734624 0.22254805680374 8.316650146910331e-06
0.02997002997002997 0.2289910532691759 0.2289891488306992 8.316650146646919e-06
0.03096903096903097 0.2353582422081174 0.2353562848159579 8.316650146313365e-06
0.03196803196803197 0.2416522096398372 0.2416501999029526 8.316650146098387e-06
0.03296703296703297 0.2478736834062965 0.2478716219275913 8.316650145459245e-06
0.03396603396603397 0.2540233841145068 0.2540212714908923 8.316650145421706e-06
0.03496503496503497 0.2601020252084471 0.2600998620309014 8.31665014492195e-06
0.03596403596403597 0.2661103130402671 0.2661080998938936 8.316650145077951e-06
0.03696303696303696 0.272048946940781 0.2720466844048671 8.316650144549062e-06
0.03796203796203796 0.2779186192892623 0.277916307937337 8.316650144600802e-06
0.03896103896103896 0.2837200155825434 0.2837176559824349 8.316650144266175e-06
0.03996003996003996 0.2894538145034298 0.2894514072173216 8.316650144357421e-06
0.04095904095904096 0.2951206879884319 0.2951182335729198 8.316650143691402e-06
0.04195804195804196 0.3007213012948273 0.3007188003009737 8.316650143698742e-06
0.04295704295704296 0.3062563130670518 0.3062537660404419 8.316650143300801e-06
0.04395604395604395 0.3117263754024345 0.31172378288323 8.316650142721361e-06
0.04495504495504495 0.3171321339162775 0.3171294964392707 8.316650142716991e-06
0.04595404595404595 0.3224742278062882 0.3224715459009557 8.31665014218306e-06
0.04695304695304695 0.3277532899163734 0.3277505641069283 8.316650141936785e-06
0.04795204795204795 0.3329699467997967 0.3329671776052414 8.316650141986804e-06
0.04895104895104895 0.3381248187817096 0.3381220067158874 8.316650142192526e-06
0.04995004995004995 0.3432185200210605 0.3432156655927072 8.316650141907246e-06
0.05094905094905095 0.3482516585718888 0.3482487622846832 8.316650141738674e-06
0.05194805194805195 0.353224836444009 0.3532218987966231 8.316650141244964e-06
0.05294705294705294 0.3581386496630925 0.3581356711492413 8.316650140867487e-06
0.05394605394605394 0.3629936883301508 0.3629906694386417 8.316650140508217e-06
0.05494505494505494 0.3677905366804292 0.3677874778952105 8.316650140648778e-06
0.05594405594405594 0.372529773141713 0.3725266749419229 8.316650140415705e-06
0.05694305694305694 0.3772119703920566 0.37720883325207 8.316650140513008e-06
0.05794205794205794 0.381837695416936 0.3818345198064129 8.316650140135949e-06
0.05894105894105894 0.3864075095658362 0.3864042959497676 8.316650140440476e-06
0.05994005994005994 0.3909219686082727 0.3909187174470277 8.316650139971011e-06
0.06093906093906094 0.3953816227892597 0.395378334538631 8.316650140522149e-06
0.06193806193806194 0.3997870168842234 0.3997836919954733 8.31665014040003e-06
0.06293706293706294 0.4041386902533729 0.4041353291732777 8.316650140773577e-06
0.06393606393606394 0.4084371768955278 0.408433780066423 8.316650141027807e-06
0.06493506493506493 0.4126830055014125 0.4126795733612365 8.316650141280414e-06
0.06593406593406594 0.4168766995064195 0.4168732324887576 8.316650141291509e-06
0.06693306693306693 0.4210187771428496 0.4210152756769772 8.316650141295331e-06
0.06793206793206794 0.4251097514916317 0.4251062160025568 8.316650141357056e-06
0.06893106893106893 0.4291501305335287 0.4291465614420348 8.316650141682204e-06
0.06993006993006994 0.4331404171998346 0.4331368149225227 8.316650141508686e-06
0.07092907092907093 0.4370811094225682 0.4370774743718977 8.316650141497678e-06
0.07192807192807193 0.4409727001841666 0.440969032768497 8.316650141851574e-06
0.07292707292707293 0.444815677566685 0.4448119781903171 8.316650141664249e-06
0.07392607392607392 0.4486105248005096 0.4486067938637249 8.316650141777299e-06
0.07492507492507493 0.4523577203125824 0.4523539582116837 8.316650141611187e-06
0.07592407592407592 0.4560577377741503 0.4560539449015009 8.316650141517741e-06
0.07692307692307693 0.4597110461480372 0.4597072228921001 8.316650141645838e-06
0.07792207792207792 0.4633181097354475 0.4633142564808244 8.316650141948218e-06
0.07892107892107893 0.4668793882223033 0.4668755053497731 8.316650141839282e-06
0.07992007992007992 0.4703953367251226 0.4703914246116787 8.316650142000243e-06
0.08091908091908091 0.473866405836439 0.4738624648553277 8.316650141660707e-06
0.08191808191808192 0.4772930416697728 0.4772890721905301 8.316650141705845e-06
0.08291708291708291 0.4806756859041523 0.4806716882926411 8.316650141537421e-06
0.08391608391608392 0.4840147758281955 0.4840107504466415 8.316650141579607e-06
0.08491508491508491 0.4873107443837498 0.4873066915907787 8.316650141359964e-06
0.08591408591408592 0.4905640202091024 0.4905599403597745 8.316650141296467e-06
0.08691308691308691 0.4937750276817572 0.4937709211276035 8.316650141273125e-06
0.08791208791208791 0.4969441869607889 0.4969400540498462 8.316650141288986e-06
0.08891108891108891 0.5000719140287753 0.5000677551056208 8.316650141201115e-06
0.0899100899100899 0.5031586207333124 0.5031544361390984 8.31665014092534e-06
0.09090909090909091 0.5062047148281181 0.5062005049006054 8.316650140526692e-06
0.0919080919080919 0.5092106000137256 0.5092063650873176 8.316650140204401e-06
0.09290709290709291 0.5121766759777737 0.5121724163835497 8.316650140067363e-06
0.0939060939060939 0.5151033384348959 0.5150990545006442 8.316650139923893e-06
0.09490509490509491 0.5179909791662132 0.5179866712164638 8.316650139942099e-06
0.0959040959040959 0.5208399860584338 0.5208356544144912 8.316650139376088e-06
0.0969030969030969 0.5236507431425661 0.5236463881225404 8.316650138943999e-06
0.0979020979020979 0.5264236306322437 0.5264192525510831 8.316650138496234e-06
0.0989010989010989 0.5291590249616722 0.5291546241311941 8.316650138330288e-06
0.0999000999000999 0.5318572988231971 0.5318528755521195 8.316650137965612e-06
0.1008991008991009 0.5345188212044999 0.5345143757984718 8.316650137869209e-06
0.1018981018981019 0.5371439574254221 0.5371394901870548 8.316650137415179e-06
0.1028971028971029 0.539733069174426 0.5397285804033221 8.316650137434893e-06
0.1038961038961039 0.5422865145446902 0.5422820045374748 8.316650136967219e-06
0.1048951048951049 0.5448046480698494 0.5448001171201984 8.316650137034365e-06
0.1058941058941059 0.547287820759375 0.5472832691580457 8.316650136610008e-06
0.1068931068931069 0.5497363801336087 0.5497318081684678 8.316650136578592e-06
0.1078921078921079 0.5521506702584433 0.5521460782144963 8.316650136154442e-06
0.1088911088911089 0.5545310317796627 0.5545264199390818 8.316650136006913e-06
0.1098901098901099 0.5568778019569369 0.5568731705990896 8.316650135927261e-06
0.1108891108891109 0.5591913146974825 0.5591866640989592 8.316650135736382e-06
0.1118881118881119 0.561471900589386 0.5614672310240278 8.316650135581422e-06
0.1128871128871129 0.5637198869345975 0.5637151986735234 8.316650135639356e-06
0.1138861138861139 0.5659355977815952 0.5659308910932294 8.316650135244127e-06
0.1148851148851149 0.5681193539577263 0.5681146291078245 8.316650134969971e-06
0.1158841158841159 0.5702714731012258 0.5702667303529022 8.316650134777915e-06
0.1168831168831169 0.5723922696929169 0.5723875093066704 8.316650134148749e-06
0.1178821178821179 0.5744820550875971 0.5744772773213367 8.31665013395643e-06
0.1188811188811189 0.5765411375451108 0.5765363426541823 8.31665013349136e-06
0.1198801198801199 0.5785698222611153 0.5785650104983261 8.316650132924719e-06
0.1208791208791209 0.5805684113975386 0.5805635830131829 8.316650132665398e-06
0.1218781218781219 0.5825372041127358 0.5825323593546201 8.316650132353785e-06
0.1228771228771229 0.5844764965913454 0.584471635704813 8.316650131779559e-06
0.1238761238761239 0.5863865820738496 0.5863817053018047 8.316650131595814e-06
0.1248751248751249 0.5882677508858386 0.588262858468771 8.316650131192891e-06
0.1258741258741259 0.5901202904669867 0.5901153826429957 8.316650130944031e-06
0.1268731268731269 0.5919444853997384 0.5919395624045566 8.316650130661581e-06
0.1278721278721279 0.5937406174377106 0.5937356795047272 8.316650130329745e-06
0.1288711288711289 0.5955089655338111 0.5955040128940955 8.316650129895683e-06
0.1298701298701299 0.5972498058680793 0.5972448387504039 8.316650129625924e-06
0.1308691308691309 0.5989634118752487 0.598958430506112 8.316650129162988e-06
0.1318681318681319 0.6006500542720365 0.6006450588756852 8.316650129004794e-06
0.1328671328671329 0.6023100010841609 0.6023049918826128 8.316650128829357e-06
0.1338661338661339 0.6039435176730901 0.6039384948861563 8.316650128424553e-06
0.1348651348651349 0.605550866762527 0.6055458306078334 8.316650128056141e-06
0.1358641358641359 0.6071323084646283 0.6071272591576374 8.316650127919435e-06
0.1368631368631369 0.6086881003059639 0.6086830380599966 8.316650127968018e-06
0.1378621378621379 0.6102184972532185 0.6102134222794754 8.316650127748504e-06
0.1388611388611388 0.6117237517386382 0.6117186642462205 8.316650127330019e-06
0.1398601398601399 0.613204113685223 0.6131990138811527 8.31665012749917e-06
0.1408591408591409 0.6146598305316687 0.6146547186209108 8.316650127427253e-06
0.1418581418581419 0.6160911472570627 0.6160860234425445 8.316650127239225e-06
0.1428571428571428 0.6174983064053331 0.6174931708879645 8.316650127313632e-06
0.1438561438561439 0.6188815481094541 0.618876401088148 8.316650127595769e-06
0.1448551448551449 0.6202411101154118 0.6202359517871041 8.316650127818215e-06
0.1458541458541459 0.6215772278059322 0.621572058365601 8.316650127900075e-06
0.1468531468531468 0.6228901342239717 0.6228849538646571 8.316650127987753e-06
0.1478521478521478 0.6241800600959755 0.6241748690087989 8.316650127786934e-06
0.1488511488511489 0.625447233854905 0.6254420322290875 8.31665012803599e-06
0.1498501498501499 0.6266918816630339 0.6266866696859159 8.316650128244386e-06
0.1508491508491508 0.6279142274345215 0.6279090052915812 8.316650128527657e-06
0.1518481518481518 0.6291144928577583 0.6291092607326303 8.316650128776631e-06
0.1528471528471528 0.6302928974174911 0.6302876554919845 8.316650128896062e-06
0.1538461538461539 0.6314496584167277 0.6314444068708445 8.316650129219248e-06
0.1548451548451548 0.6325849909984245 0.6325797300103772 8.316650129517005e-06
0.1558441558441558 0.6336991081669572 0.6336938379131868 8.31665013012252e-06
0.1568431568431568 0.6347922208093795 0.6347869414645735 8.316650130423646e-06
0.1578421578421579 0.6358645377164697 0.6358592494535789 8.316650130865506e-06
0.1588411588411588 0.6369162656035683 0.6369109685938242 8.316650131449303e-06
0.1598401598401598 0.637947609131208 0.6379423035441403 8.31665013198919e-06
0.1608391608391608 0.6389587709255395 0.6389534569289929 8.316650132195395e-06
0.1618381618381618 0.6399499515985542 0.6399446293587044 8.316650132453089e-06
0.1628371628371628 0.6409213497681047 0.6409160194494758 8.316650133037703e-06
0.1638361638361638 0.641873162077727 0.6418678238432078 8.316650133686076e-06
0.1648351648351648 0.6428055832162667 0.642800237227127 8.31665013386467e-06
0.1658341658341658 0.6437188059373085 0.6437134523532146 8.316650134245065e-06
0.1668331668331668 0.6446130210784132 0.6446076600574446 8.316650134724965e-06
0.1678321678321678 0.645488417580164 0.6454830492788285 8.316650135392216e-06
0.1688311688311688 0.6463451825050218 0.6463398070782721 8.31665013559382e-06
0.1698301698301698 0.6471835010559963 0.6471781186572442 8.31665013610249e-06
0.1708291708291708 0.6480035565951272 0.6479981673762598 8.316650136471629e-06
0.1718281718281718 0.6488055306617856 0.6488001347731802 8.316650136861902e-06
0.1728271728271728 0.6495896029907909 0.64958420058133 8.31665013729277e-06
0.1738261738261738 0.6503559515303491 0.6503505427474352 8.316650137755387e-06
0.1748251748251748 0.6511047524598117 0.6510993374493822 8.316650138156447e-06
0.1758241758241758 0.6518361802072592 0.6518307591138007 8.316650138605283e-06
0.1768231768231768 0.6525504074669086 0.6525449804334718 8.316650138850597e-06
0.1778221778221778 0.6532476052163493 0.6532421723845624 8.316650139252672e-06
0.1788211788211788 0.6539279427336057 0.6539225042436894 8.316650139714218e-06
0.1798201798201798 0.6545915876140322 0.6545861436048134 8.316650140146568e-06
0.1808191808191808 0.6552387057870396 0.655233256395965 8.316650140596186e-06
0.1818181818181818 0.6558694615326541 0.6558640068958042 8.316650141372556e-06
0.1828171828171828 0.6564840174979135 0.6564785577500162 8.316650141993682e-06
0.1838161838161838 0.6570825347130989 0.6570770699875429 8.31665014250498e-06
0.1848151848151848 0.6576651726078062 0.6576597030366546 8.316650142767143e-06
0.1858141858141858 0.6582320890268575 0.6582266147408601 8.316650143099267e-06
0.1868131868131868 0.6587834402460533 0.6587779613746605 8.316650143403909e-06
0.1878121878121878 0.6593193809877699 0.6593138976591453 8.316650143645693e-06
0.1888111888111888 0.6598400644364004 0.6598345767774336 8.316650143824657e-06
0.1898101898101898 0.6603456422536431 0.6603401503899623 8.316650144119835e-06
0.1908091908091908 0.6608362645936369 0.6608307686496214 8.316650144530097e-06
0.1918081918081918 0.6613120801179471 0.6613065802167402 8.316650144854263e-06
0.1928071928071928 0.6617732360104025 0.6617677322739232 8.316650145176402e-06
0.1938061938061938 0.6622198779917836 0.662214370540739 8.316650145512703e-06
0.1948051948051948 0.6626521503343669 0.662646639288264 8.316650146131801e-06
0.1958041958041958 0.6630701958763217 0.66306468135348 8.316650146536237e-06
0.1968031968031968 0.6634741560359674 0.6634686381535299 8.316650147294136e-06
0.1978021978021978 0.6638641708258857 0.6638586496998313 8.316650147685122e-06
0.1988011988011988 0.6642403788668954 0.6642348546120498 8.316650148537644e-06
0.1998001998001998 0.664602917401885 0.664597390131933 8.316650149044613e-06
0.2007992007992008 0.6649519223095124 0.664946392137008 8.316650149935771e-06
0.2017982017982018 0.6652875281177628 0.6652819951541419 8.316650150634104e-06
0.2027972027972028 0.6656098680173768 0.6656043323729675 8.316650150926151e-06
0.2037962037962038 0.6659190738751424 0.6659135356591758 8.316650151461923e-06
0.2047952047952048 0.6662152762470552 0.6662097355676766 8.31665015225549e-06
0.2057942057942058 0.6664986043913481 0.6664930613556281 8.316650152690443e-06
0.2067932067932068 0.6667691862813918 0.6667636409953366 8.316650153191857e-06
0.2077922077922078 0.6670271486184665 0.6670216011870282 8.316650153899816e-06
0.2087912087912088 0.6672726168444063 0.6672670673714942 8.316650154678797e-06
0.2097902097902098 0.6675057151541193 0.6675001637426098 8.316650155128524e-06
0.2107892107892108 0.6677265665079817 0.6677210132597285 8.316650155427608e-06
0.2117882117882118 0.6679352926441102 0.6679297376599543 8.316650156179773e-06
0.2127872127872128 0.6681320140905104 0.6681264574702905 8.316650156932701e-06
0.2137862137862138 0.6683168501771068 0.6683112920196693 8.316650157857227e-06
0.2147852147852148 0.6684899190476512 0.66848435945086 8.316650158435764e-06
0.2157842157842158 0.6686513376715143 0.6686457767322604 8.316650159142914e-06
0.2167832167832168 0.6688012218553586 0.66879565966957 8.31665015980511e-06
0.2177822177822178 0.6689396862546971 0.668934122917348 8.316650160619423e-06
0.2187812187812188 0.6690668443853347 0.6690612799904554 8.31665016134723e-06
0.2197802197802198 0.6691828086346985 0.6691772432753843 8.316650162501056e-06
0.2207792207792208 0.6692876902730528 0.6692821240414742 8.316650163214022e-06
0.2217782217782218 0.6693815994646058 0.6693760324520169 8.316650163922488e-06
0.2227772227772228 0.6694646452785025 0.6694590775752501 8.316650164570156e-06
0.2237762237762238 0.6695369356997108 0.6695313673952438 8.316650165468114e-06
0.2247752247752248 0.669598577639798 0.669593008822676 8.316650166165981e-06
0.2257742257742258 0.669649676947601 0.6696441077055034 8.316650166977641e-06
0.2267732267732268 0.6696903384197904 0.6696847688395249 8.316650168020843e-06
0.2277722277722278 0.6697206658113287 0.6697150959788404 8.316650168755881e-06
0.2287712287712288 0.6697407618458258 0.6697351918462049 8.316650170012109e-06
0.2297702297702298 0.6697507282257898 0.6697451581432815 8.316650170876667e-06
0.2307692307692308 0.6697506656427791 0.6697450955607905 8.316650171883889e-06
0.2317682317682318 0.6697406737874492 0.6697351037885588 8.316650172735494e-06
0.2327672327672328 0.6697208513595035 0.6697152815254686 8.316650174000508e-06
0.2337662337662338 0.6696912960775431 0.6696857264893082 8.316650175169486e-06
0.2347652347652348 0.6696521046888191 0.6696465354265245 8.316650176356858e-06
0.2357642357642358 0.6696033729788884 0.6695978041218777 8.316650177352151e-06
0.2367632367632368 0.6695451957811732 0.6695396274080012 8.316650178496021e-06
0.2377622377622378 0.669477666986425 0.6694720991748657 8.316650179402096e-06
0.2387612387612388 0.6694008795520957 0.66939531237915 8.316650180498706e-06
0.2397602397602397 0.6693149255116142 0.6693093590535175 8.316650181421228e-06
0.2407592407592408 0.6692198959835721 0.669214330315802 8.316650182556392e-06
0.2417582417582418 0.6691158811808168 0.6691103163781007 8.316650183602421e-06
0.2427572427572428 0.6690029704194552 0.6689974065557778 8.316650184618218e-06
0.2437562437562437 0.6688812521277675 0.668875689276378 8.316650185414895e-06
0.2447552447552448 0.6687508138550327 0.6687452520884519 8.316650186441853e-06
0.2457542457542458 0.6686117422802651 0.6686061816702936 8.316650187018274e-06
0.2467532467532468 0.6684641232208667 0.6684585638385907 8.316650187881653e-06
0.2477522477522477 0.6683080416411901 0.6683024835569895 8.31665018859093e-06
0.2487512487512487 0.6681435816610189 0.6681380249445741 8.316650189247402e-06
0.2497502497502498 0.6679708265639634 0.6679652712842618 8.316650190058424e-06
0.2507492507492508 0.6677898588057715 0.6677843050311147 8.316650190901544e-06
0.2517482517482518 0.667600760022558 0.6675952078205691 8.316650191720452e-06
0.2527472527472527 0.6674036110389526 0.6673980604765823 8.316650192589879e-06
0.2537462537462538 0.6671984918761658 0.6671929430196992 8.316650193448848e-06
0.2547452547452547 0.6669854817599752 0.6669799346750387 8.316650194333793e-06
0.2557442557442557 0.6667646591286323 0.6667591138801998 8.316650195113578e-06
0.2567432567432568 0.6665361016406908 0.6665305582930904 8.31665019605781e-06
0.2577422577422577 0.6662998861827568 0.6662943447996773 8.316650196741035e-06
0.2587412587412588 0.6660560888771629 0.6660505495216597 8.316650197779235e-06
0.2597402597402597 0.6658047850895641 0.6657992478240659 8.316650198735864e-06
0.2607392607392607 0.6655460494364602 0.6655405143227754 8.316650199527199e-06
0.2617382617382618 0.6652799557926427 0.665274422891965 8.316650200329914e-06
0.2627372627372627 0.665006577298567 0.6650010466714821 8.31665020132244e-06
0.2637362637362637 0.6647259863676523 0.6647204580741435 8.316650202092614e-06
0.2647352647352647 0.6644382546935085 0.6644327287929629 8.316650202715604e-06
0.2657342657342657 0.6641434532570912 0.6641379298083055 8.316650203498164e-06
0.2667332667332667 0.6638416523337859 0.6638361313949727 8.316650203886993e-06
0.2677322677322677 0.6635329215004213 0.6635274031292139 8.316650204721317e-06
0.2687312687312687 0.6632173296422129 0.6632118138956722 8.3166502053033e-06
0.2697302697302698 0.6628949449596389 0.6628894318942583 8.316650205987806e-06
0.2707292707292707 0.6625658349752456 0.662560324646957 8.316650206926582e-06
0.2717282717282717 0.6622300665403861 0.6622245590045657 8.316650207647851e-06
0.2727272727272727 0.6618877058418932 0.6618822011533665 8.316650208312755e-06
0.2737262737262737 0.6615388184086844 0.661533316621732 8.31665020913046e-06
0.2747252747252747 0.6611834691183014 0.6611779702866643 8.316650209772318e-06
0.2757242757242757 0.6608217222033854 0.6608162263802704 8.316650210464952e-06
0.2767232767232767 0.6604536412580874 0.6604481484961723 8.316650211238656e-06
0.2777222777222777 0.6600792892444148 0.6600737995958541 8.316650211846893e-06
0.2787212787212787 0.659698728498516 0.6596932420149454 8.316650212527744e-06
0.2797202797202797 0.6593120207368999 0.6593065374694421 8.316650213084881e-06
0.2807192807192807 0.6589192270625969 0.6589137470618666 8.316650213314021e-06
0.2817182817182817 0.6585204079712567 0.6585149312873648 8.31665021393742e-06
0.2827172827172827 0.6581156233571849 0.6581101500397446 8.316650214674767e-06
0.2837162837162837 0.6577049325193214 0.6576994626174529 8.31665021500852e-06
0.2847152847152847 0.6572883941671588 0.6572829277294938 8.316650215459528e-06
0.2857142857142857 0.6568660664266006 0.6568606035012873 8.316650216164002e-06
0.2867132867132867 0.6564380068457628 0.6564325474804711 8.316650216460553e-06
0.2877122877122877 0.6560042724007176 0.6559988166426435 8.316650216507152e-06
0.2887112887112887 0.6555649195011792 0.6555594673970492 8.316650217042321e-06
0.2897102897102897 0.6551200039961336 0.6551145555922099 8.316650217451514e-06
0.2907092907092907 0.6546695811794127 0.6546641365214975 8.316650218235475e-06
0.2917082917082917 0.654213705795212 0.6542082649286527 8.31665021856809e-06
0.2927072927072927 0.6537524320435553 0.653746995013248 8.316650219279045e-06
0.2937062937062937 0.6532858135857028 0.6532803804360975 8.316650220071705e-06
0.2947052947052947 0.652813903549507 0.6528084743246118 8.316650220981498e-06
0.2957042957042957 0.6523367545347147 0.6523313292781006 8.316650221628725e-06
0.2967032967032967 0.6518544186182175 0.6518489973730218 8.316650222512597e-06
0.2977022977022977 0.6513669473592473 0.6513615301681791 8.316650223243695e-06
0.2987012987012987 0.650874391804524 0.6508689787098674 8.31665022435119e-06
0.2997002997002997 0.6503768024933483 0.6503713935369675 8.316650225002049e-06
0.3006993006993007 0.6498742294626467 0.6498688246859894 8.316650226006291e-06
0.3016983016983017 0.6493667222519648 0.6493613216960669 8.316650226852919e-06
0.3026973026973027 0.6488543299084114 0.6488489336139008 8.316650227694636e-06
0.3036963036963037 0.6483371009915534 0.6483317089986543 8.316650228431477e-06
0.3046953046953047 0.6478150835782627 0.6478096959267993 8.316650229333075e-06
0.3056943056943057 0.6472883252675133 0.6472829419969137 8.316650230635506e-06
0.3066933066933067 0.6467568731851325 0.6467514943344334 8.316650231621755e-06
0.3076923076923077 0.6462207739885039 0.6462153995963537 8.316650232447096e-06
0.3086913086913087 0.6456800738712241 0.6456747039758868 8.316650233738806e-06
0.3096903096903097 0.6451348185677119 0.6451294532070717 8.316650234645754e-06
0.3106893106893107 0.6445850533577742 0.6445796925693383 8.316650235529047e-06
0.3116883116883117 0.6440308230711236 0.6440254668920267 8.316650236357354e-06
0.3126873126873127 0.643472172091853 0.6434668205588605 8.316650236992481e-06
0.3136863136863137 0.6429091443628658 0.6429037975123776 8.316650237649653e-06
0.3146853146853147 0.64234178339026 0.6423364412583141 8.316650238323778e-06
0.3156843156843157 0.6417701322476717 0.641764794869948 8.316650238905192e-06
0.3166833166833167 0.6411942335805728 0.6411889009923963 8.316650239816031e-06
0.3176823176823177 0.6406141296105272 0.6406088018468722 8.316650240397642e-06
0.3186813186813187 0.6400298621394054 0.6400245392348982 8.316650240932468e-06
0.3196803196803197 0.6394414725535557 0.6394361545424784 8.316650241725967e-06
0.3206793206793207 0.638849001827934 0.6388436887442283 8.316650242184051e-06
0.3216783216783217 0.6382524905301951 0.6382471824074645 8.31665024319086e-06
0.3226773226773227 0.6376519788247387 0.6376466756962536 8.316650243754791e-06
0.3236763236763237 0.6370475064767205 0.6370422083754199 8.316650244607101e-06
0.3246753246753247 0.6364391128560188 0.6364338198145149 8.316650245192712e-06
0.3256743256743257 0.6358268369411648 0.6358215489917451 8.316650245707996e-06
0.3266733266733267 0.6352107173232324 0.6352054344978636 8.316650246529095e-06
0.3276723276723277 0.6345907922096896 0.6345855145400205 8.316650247462555e-06
0.3286713286713286 0.6339670994282113 0.6339618269455765 8.316650248217887e-06
0.3296703296703297 0.6333396764304551 0.6333344091658776 8.316650248708082e-06
0.3306693306693307 0.632708560295799 0.6327032982799933 8.31665024935243e-06
0.3316683316683317 0.6320737877350417 0.6320685309984168 8.316650250327782e-06
0.3326673326673327 0.6314353950940661 0.6314301436667289 8.316650251167433e-06
0.3336663336663337 0.6307934183574673 0.6307881722692256 8.316650251942064e-06
0.3346653346653347 0.6301478931521435 0.6301426524325087 8.316650252686518e-06
0.3356643356643357 0.6294988547508518 0.629493619429042 8.316650253176277e-06
0.3366633366633366 0.6288463380757285 0.628841108180671 8.3166502544685e-06
0.3376623376623377 0.6281903777017738 0.6281851532621088 8.316650255151178e-06
0.3386613386613387 0.6275310078603032 0.6275257889043862 8.316650255884353e-06
0.3396603396603396 0.6268682624423639 0.6268630489982678 8.316650257240421e-06
0.3406593406593407 0.6262021750021156 0.6261969670976351 8.316650258417719e-06
0.3416583416583416 0.6255327787601814 0.6255275764228346 8.316650259495958e-06
0.3426573426573427 0.624860106606962 0.6248549098639935 8.31665026068611e-06
0.3436563436563437 0.6241841911059183 0.624178999984302 8.316650261575915e-06
0.3446553446553446 0.6235050644968216 0.6234998790232632 8.316650262685692e-06
0.3456543456543457 0.6228227586989709 0.6228175788999105 8.316650263647915e-06
0.3466533466533466 0.6221373053143785 0.6221321312159936 8.316650264587369e-06
0.3476523476523476 0.6214487356309242 0.621443567259132 8.316650265545709e-06
0.3486513486513487 0.6207570806254772 0.6207519180059373 8.316650266260319e-06
0.3496503496503496 0.6200623709669887 0.6200572141251055 8.316650267195435e-06
0.3506493506493507 0.6193646370195518 0.6193594859804773 8.316650268071121e-06
0.3516483516483516 0.6186639088454321 0.6186587636340681 8.316650269074528e-06
0.3526473526473526 0.6179602162080677 0.6179550768490689 8.316650269744201e-06
0.3536463536463537 0.6172535885750406 0.6172484550928161 8.316650270724992e-06
0.3546453546453546 0.6165440551210166 0.6165389275397329 8.316650271934033e-06
0.3556443556443556 0.6158316447306569 0.6158265230742407 8.316650272877791e-06
0.3566433566433567 0.6151163860015018 0.6151112702936413 8.316650274415586e-06
0.3576423576423576 0.6143983072468238 0.6143931975109724 8.316650275656945e-06
0.3586413586413587 0.6136774364984536 0.6136723327578316 8.316650276626757e-06
0.3596403596403596 0.6129538015095785 0.6129487037871747 8.316650278051546e-06
0.3606393606393606 0.6122274297575103 0.6122223380760857 8.316650279149926e-06
0.3616383616383617 0.6114983484464298 0.6114932628285187 8.316650280491253e-06
0.3626373626373626 0.6107665845101004 0.6107615049780131 8.316650281967198e-06
0.3636363636363636 0.6100321646145559 0.6100270911903813 8.316650283115033e-06
0.3646353646353646 0.6092951151607631 0.6092900478663704 8.316650284172436e-06
0.3656343656343656 0.6085554622872558 0.6085504011442967 8.31665028531598e-06
0.3666333666333667 0.6078132318727433 0.6078081769026543 8.31665028644242e-06
0.3676323676323676 0.6070684495386938 0.6070634007626983 8.316650287680246e-06
0.3686313686313686 0.6063211406518904 0.606316098091001 8.316650288623605e-06
0.3696303696303696 0.605571330326964 0.6055662940019843 8.316650289577565e-06
0.3706293706293706 0.604819043428899 0.6048140133604255 8.316650290977374e-06
0.3716283716283716 0.6040643045755147 0.6040592807839397 8.316650292068571e-06
0.3726273726273726 0.6033071381399229 0.6033021206454358 8.316650292889925e-06
0.3736263736263736 0.6025475682529596 0.602542557075549 8.31665029387631e-06
0.3746253746253747 0.6017856188055941 0.6017806139650499 8.31665029508999e-06
0.3756243756243756 0.6010213134513123 0.6010163149672278 8.316650296000555e-06
0.3766233766233766 0.6002546756084783 0.6002496835002521 8.316650297113038e-06
0.3776223776223776 0.5994857284626713 0.5994807427495088 8.316650298460569e-06
0.3786213786213786 0.5987144949689991 0.598709515669915 8.316650299754632e-06
0.3796203796203796 0.5979409978543895 0.5979360249882097 8.316650300908151e-06
0.3806193806193806 0.5971652596198587 0.5971602932052218 8.316650302191104e-06
0.3816183816183816 0.5963873025427561 0.5963823425981154 8.31665030345692e-06
0.3826173826173826 0.5956071486789886 0.5956021952226139 8.316650304854304e-06
0.3836163836163836 0.5948248198652208 0.5948198729152007 8.316650306051821e-06
0.3846153846153846 0.5940403377210554 0.5940353972952981 8.316650307325577e-06
0.3856143856143856 0.59325372365119 0.593248789767426 8.316650308784419e-06
0.3866133866133866 0.5924649988475532 0.5924600715233369 8.316650309964078e-06
0.3876123876123876 0.5916741842914208 0.5916692635441317 8.316650311482359e-06
0.3886113886113886 0.5908813007555085 0.5908763866023536 8.316650312950113e-06
0.3896103896103896 0.5900863688060451 0.5900814612640606 8.31665031425227e-06
0.3906093906093906 0.5892894088048264 0.5892845078908786 8.31665031570911e-06
0.3916083916083916 0.5884904409112454 0.5884855466420333 8.316650317107219e-06
0.3926073926073926 0.5876894850843056 0.5876845974763621 8.316650318800868e-06
0.3936063936063936 0.5868865610846127 0.5868816801543064 8.316650320363462e-06
0.3946053946053946 0.5860816884763458 0.5860768142398829 8.31665032150137e-06
0.3956043956043956 0.5852748866292115 0.5852700191026367 8.316650322785829e-06
0.3966033966033966 0.5844661747203758 0.5844613139195742 8.316650324301752e-06
0.3976023976023976 0.5836555717363784 0.5836507176770775 8.316650325807299e-06
0.3986013986013986 0.5828430964750274 0.5828382491727984 8.316650327276029e-06
0.3996003996003996 0.5820287675472758 0.5820239270175348 8.31665032887158e-06
0.4005994005994006 0.5812126033790788 0.5812077696370888 8.316650330540392e-06
0.4015984015984016 0.5803946222132316 0.5803897952741041 8.316650331983843e-06
0.4025974025974026 0.5795748421111919 0.5795700219898881 8.316650333396601e-06
0.4035964035964036 0.5787532809548814 0.5787484676662136 8.316650334868736e-06
0.4045954045954046 0.5779299564484701 0.5779251500071036 8.316650335975093e-06
0.4055944055944056 0.5771048861201442 0.5771000865405983 8.316650337477545e-06
0.4065934065934066 0.5762780873238544 0.5762732946205043 8.316650338803749e-06
0.4075924075924076 0.5754495772410489 0.5754447914281265 8.316650340327716e-06
0.4085914085914086 0.5746193728823874 0.5746145939739833 8.31665034219254e-06
0.4095904095904096 0.5737874910894383 0.5737827190995033 8.316650343703675e-06
0.4105894105894106 0.5729539485363611 0.5729491834787072 8.316650345236146e-06
0.4115884115884116 0.5721187617315692 0.572114003619871 8.316650346859776e-06
0.4125874125874126 0.5712819470193774 0.5712771958671738 8.31665034811864e-06
0.4135864135864136 0.5704435205816345 0.5704387764023295 8.316650349755025e-06
0.4145854145854146 0.5696034984393361 0.5695987612462009 8.316650350965936e-06
0.4155844155844156 0.5687618964542255 0.5687571662603991 8.316650352101082e-06
0.4165834165834166 0.5679187303303759 0.5679140071488664 8.316650353670787e-06
0.4175824175824176 0.5670740156157569 0.5670692994594437 8.316650354757977e-06
0.4185814185814186 0.5662277677037878 0.566223058585422 8.31665035592581e-06
0.4195804195804196 0.5653800018348729 0.5653752997670787 8.316650357242503e-06
0.4205794205794206 0.5645307330979225 0.5645260380931987 8.316650358451864e-06
0.4215784215784216 0.5636799764318589 0.5636752885025802 8.316650359539514e-06
0.4225774225774226 0.5628277466271076 0.5628230657855257 8.316650360515414e-06
0.4235764235764236 0.5619740583270735 0.5619693845853179 8.316650361984886e-06
0.4245754245754246 0.5611189260296011 0.5611142593996813 8.316650362955045e-06
0.4255744255744256 0.5602623640884233 0.5602577045822291 8.316650363971687e-06
0.4265734265734266 0.5594043867145925 0.5593997343438953 8.31665036532359e-06
0.4275724275724276 0.5585450079778991 0.5585403627543537 8.316650366621892e-06
0.4285714285714285 0.5576842418082764 0.5576796037434215 8.316650367968383e-06
0.4295704295704296 0.55682210199719 0.5568174711024498 8.316650369140995e-06
0.4305694305694306 0.5559586021990145 0.5559539784856997 8.316650370169787e-06
0.4315684315684316 0.5550937559323968 0.5550891394117053 8.316650371518481e-06
0.4325674325674326 0.5542275765816037 0.5542229672646226 8.316650372264759e-06
0.4335664335664335 0.5533600773978596 0.5533554752955654 8.316650373279432e-06
0.4345654345654346 0.552491271500668 0.5524866766239278 8.316650374809246e-06
0.4355644355644356 0.5516211718791202 0.5516165842386938 8.31665037584845e-06
0.4365634365634365 0.5507497913931932 0.5507452109997328 8.316650377334636e-06
0.4375624375624376 0.5498771427750317 0.5498725696390842 8.316650378510484e-06
0.4385614385614386 0.5490032386302197 0.5489986727622267 8.316650379722176e-06
0.4395604395604396 0.5481280914390384 0.5481235328493377 8.316650381396362e-06
0.4405594405594406 0.5472517135577109 0.5472471622565379 8.316650382601798e-06
0.4415584415584415 0.5463741172196364 0.5463695732171246 8.316650383864431e-06
0.4425574425574426 0.545495314536611 0.5454907778427932 8.316650385328772e-06
0.4435564435564436 0.5446153175000359 0.5446107881248451 8.316650386532534e-06
0.4445554445554445 0.5437341379821145 0.543729615935385 8.316650387608502e-06
0.4455544455544456 0.5428517877370372 0.5428472730285057 8.31665038886218e-06
0.4465534465534465 0.5419682784021549 0.5419637710414609 8.316650390140649e-06
0.4475524475524476 0.5410836214991392 0.5410791214958268 8.316650391221353e-06
0.4485514485514486 0.540197828435134 0.540193335798652 8.316650392615896e-06
0.4495504495504495 0.5393109105038926 0.5393064252435962 8.316650394117501e-06
0.4505494505494506 0.538422878886905 0.5384184010120565 8.316650395190106e-06
0.4515484515484515 0.537533744654515 0.5375292741742841 8.316650397013734e-06
0.4525474525474525 0.536643518767023 0.5366390556904889 8.316650398343984e-06
0.4535464535464536 0.5357522120757819 0.5357477564119331 8.316650400033858e-06
0.4545454545454545 0.5348598353242791 0.5348553870820145 8.316650402128407e-06
0.4555444555444556 0.5339663991492078 0.5339619583373387 8.316650403841273e-06
0.4565434565434565 0.5330719140815308 0.5330674807087804 8.316650405405577e-06
0.4575424575424575 0.5321763905475294 0.5321719646225342 8.316650407231579e-06
0.4585414585414586 0.5312798388698451 0.5312754204011559 8.316650408847028e-06
0.4595404595404595 0.5303822692685096 0.5303778582645921 8.316650410757477e-06
0.4605394605394605 0.5294836918619644 0.5294792883311999 8.316650412761113e-06
0.4615384615384616 0.528584116668071 0.528579720618758 8.31665041455696e-06
0.4625374625374625 0.5276835536051109 0.5276791650454649 8.316650416780254e-06
0.4635364635364635 0.5267820124927745 0.5267776314309297 8.316650418676515e-06
0.4645354645354645 0.5258795030531421 0.5258751294971521 8.316650420185299e-06
0.4655344655344655 0.5249760349116543 0.524971668869492 8.316650422142264e-06
0.4665334665334666 0.5240716175980716 0.524067259077631 8.31665042394137e-06
0.4675324675324675 0.5231662605474261 0.5231619095565225 8.316650425841621e-06
0.4685314685314685 0.5222599731009632 0.5222556296473346 8.316650427471507e-06
0.4695304695304695 0.5213527645070739 0.5213484285983809 8.316650429725197e-06
0.4705294705294705 0.5204446439222172 0.5204403155660449 8.316650431345695e-06
0.4715284715284715 0.5195356204118348 0.5195312996156924 8.316650432737897e-06
0.4725274725274725 0.5186257029512554 0.5186213897225774 8.316650434898295e-06
0.4735264735264735 0.5177149004265901 0.5177105947727375 8.316650436403563e-06
0.4745254745254745 0.51680322163562 0.5167989235638804 8.316650438101081e-06
0.4755244755244755 0.5158906752886735 0.515886384806262 8.316650439671582e-06
0.4765234765234765 0.5149772700094962 0.5149729871235564 8.316650441113872e-06
0.4775224775224775 0.5140630143361115 0.5140587390537156 8.316650442949711e-06
0.4785214785214785 0.5131479167216716 0.513143649049822 8.316650444267464e-06
0.4795204795204795 0.5122319855353028 0.5122277254809321 8.316650445513246e-06
0.4805194805194805 0.5113152290629401 0.5113109766329117 8.316650447186695e-06
0.4815184815184815 0.5103976555081534 0.5103934107092627 8.316650448740411e-06
0.4825174825174825 0.5094792729929675 0.5094750358319422 8.316650450518347e-06
0.4835164835164835 0.5085600895586713 0.5085558600421726 8.316650452004168e-06
0.4845154845154845 0.5076401131666216 0.5076358913012443 8.316650453331223e-06
0.4855144855144855 0.5067193516990375 0.5067151374913105 8.316650455275386e-06
0.4865134865134865 0.5057978129597854 0.5057936064161733 8.316650456614021e-06
0.4875124875124875 0.5048755046751603 0.5048713058020633 8.316650457613274e-06
0.4885114885114885 0.5039524344946554 0.5039482432984097 8.316650459147769e-06
0.4895104895104895 0.5030286099917256 0.5030244264786046 8.31665046070722e-06
0.4905094905094905 0.5021040386645435 0.5020998628407585 8.316650461697842e-06
0.4915084915084915 0.5011787279367481 0.5011745598084485 8.316650462758288e-06
0.4925074925074925 0.5002526851581856 0.5002485247314594 8.316650463983282e-06
0.4935064935064935 0.4993259176056419 0.4993217648865171 8.316650464906362e-06
0.4945054945054945 0.4983984324835702 0.4983942874780146 8.316650465707699e-06
0.4955044955044955 0.4974702369248097 0.4974660996387316 8.316650466650181e-06
0.4965034965034965 0.4965413379912965 0.4965372084305459 8.316650467285689e-06
0.4975024975024975 0.4956117426747698 0.495607620845138 8.316650468228696e-06
0.4985014985014985 0.4946814578974683 0.4946773438046896 8.316650468797985e-06
0.4995004995004995 0.4937504905128224 0.4937463841625738 8.316650469241353e-06
0.5004995004995005 0.4928188473061372 0.4928147487040392 8.316650469831716e-06
0.5014985014985015 0.49188653499527 0.4918824441468874 8.316650470291653e-06
0.5024975024975025 0.4909535602313008 0.4909494771421429 8.316650471020546e-06
0.5034965034965035 0.4900199295991957 0.4900158542747174 8.316650471050676e-06
0.5044955044955045 0.4890856496184652 0.4890815820640667 8.316650471427973e-06
0.5054945054945055 0.4881507267438133 0.4881466669648414 8.316650471808701e-06
0.5064935064935064 0.4872151673657829 0.4872111153675312 8.316650472030222e-06
0.5074925074925075 0.4862789778113927 0.4862749335991023 8.316650472101832e-06
0.5084915084915085 0.4853421643447698 0.4853381279236294 8.316650472538717e-06
0.5094905094905094 0.4844047331677734 0.4844007045429204 8.316650472637172e-06
0.5104895104895105 0.4834666904206151 0.4834626695971356 8.316650472863334e-06
0.5114885114885115 0.4825280421824708 0.4825240291654004 8.316650473243387e-06
0.5124875124875125 0.4815887944720876 0.481584789266412 8.316650473579351e-06
0.5134865134865135 0.4806489532483849 0.4806449558590403 8.316650473551975e-06
0.5144855144855145 0.4797085244110487 0.4797045348429219 8.316650473634984e-06
0.5154845154845155 0.4787675138011204 0.4787635320590499 8.316650473817245e-06
0.5164835164835165 0.4778259272015798 0.4778219532903559 8.316650473936363e-06
0.5174825174825175 0.4768837703379227 0.4768798042622879 8.316650474249145e-06
0.5184815184815185 0.4759410488787313 0.4759370906433812 8.316650474725957e-06
0.5194805194805194 0.4749977684362409 0.4749938180458242 8.316650475388578e-06
0.5204795204795205 0.4740539345668993 0.4740499920260191 8.316650475364095e-06
0.5214785214785215 0.4731095527719224 0.4731056180851352 8.316650475799524e-06
0.5224775224775224 0.4721646284978417 0.4721607016696593 8.316650476227782e-06
0.5234765234765235 0.4712191671370491 0.4712152481719381 8.316650476662351e-06
0.5244755244755245 0.4702731740283345 0.4702692629307174 8.316650477002389e-06
0.5254745254745254 0.4693266544574188 0.4693227512316738 8.316650477613538e-06
0.5264735264735265 0.4683796136574811 0.4683757183079435 8.316650477545508e-06
0.5274725274725275 0.4674320568096821 0.4674281693406434 8.316650478072156e-06
0.5284715284715285 0.4664839890436793 0.4664801094593887 8.31665047842094e-06
0.5294705294705294 0.4655354154381408 0.4655315437428049 8.316650479081658e-06
0.5304695304695305 0.4645863410212505 0.4645824772190347 8.316650479420585e-06
0.5314685314685315 0.4636367707712117 0.4636329148662396 8.316650479934815e-06
0.5324675324675324 0.4626867096167423 0.4626828616130966 8.316650480215376e-06
0.5334665334665335 0.4617361624375677 0.4617323223392906 8.316650480371693e-06
0.5344655344655345 0.4607851340649076 0.4607813018760009 8.316650480787213e-06
0.5354645354645354 0.4598336292819576 0.4598298050063835 8.31665048090633e-06
0.5364635364635365 0.4588816528243674 0.4588778364660487 8.316650480909572e-06
0.5374625374625375 0.4579292093807128 0.4579254009435334 8.316650480864112e-06
0.5384615384615384 0.4569763035929642 0.4569725030807691 8.316650480957025e-06
0.5394605394605395 0.456022940056949 0.4560191474735453 8.316650480757725e-06
0.5404595404595405 0.4550691233228115 0.4550653386719681 8.316650480910875e-06
0.5414585414585414 0.4541148578954657 0.4541110811809144 8.316650480939054e-06
0.5424575424575424 0.4531601482350457 0.453156379460481 8.316650480815148e-06
0.5434565434565435 0.4522049987573507 0.4522012379264306 8.316650480099638e-06
0.5444555444555444 0.4512494138342858 0.4512456609506316 8.316650480019358e-06
0.5454545454545454 0.4502933977942979 0.4502896528614951 8.316650479778832e-06
0.5464535464535465 0.4493369549228079 0.4493332179444064 8.316650479248625e-06
0.5474525474525475 0.4483800894626388 0.448376360442153 8.316650479088312e-06
0.5484515484515484 0.4474228056144384 0.4474190845553478 8.316650478761961e-06
0.5494505494505495 0.4464651075370988 0.4464613944428487 8.31665047813385e-06
0.5504495504495505 0.4455069993481722 0.4455032942221732 8.316650477838825e-06
0.5514485514485514 0.4445484851242807 0.4445447879699095 8.3166504776596e-06
0.5524475524475524 0.4435895689015237 0.4435858797221237 8.316650477511052e-06
0.5534465534465535 0.4426302546758806 0.4426265734747618 8.316650477183257e-06
0.5544455544455544 0.4416705464036099 0.4416668731840495 8.316650477086726e-06
0.5554445554445554 0.4407104480016436 0.4407067827668861 8.316650476740219e-06
0.5564435564435565 0.4397499633479784 0.4397463061012363 8.316650476394646e-06
0.5574425574425574 0.4387890962820629 0.4387854470265163 8.316650476274684e-06
0.5584415584415584 0.4378278506051799 0.4378242093439777 8.316650476190855e-06
0.5594405594405595 0.4368662300808269 0.4368625968170867 8.316650475654812e-06
0.5604395604395604 0.435904238435091 0.4359006131718992 8.316650475269686e-06
0.5614385614385614 0.4349418793570211 0.4349382620974335 8.316650475203506e-06
0.5624375624375625 0.4339791564989958 0.4339755472460379 8.316650474665677e-06
0.5634365634365635 0.4330160734770883 0.4330124722337554 8.316650474453238e-06
0.5644355644355644 0.4320526338714267 0.4320490406406843 8.316650474135015e-06
0.5654345654345654 0.4310888412265517 0.4310852560113361 8.316650473833764e-06
0.5664335664335665 0.4301246990517703 0.4301211218549885 8.316650472934965e-06
0.5674325674325674 0.4291602108215065 0.4291566416460363 8.316650472658701e-06
0.5684315684315684 0.4281953799756469 0.4281918188243377 8.316650472443696e-06
0.5694305694305695 0.4272302099198849 0.4272266567955579 8.316650471869498e-06
0.5704295704295704 0.4262647040260605 0.4262611589315087 8.316650471693244e-06
0.5714285714285714 0.4252988656324967 0.4252953285704852 8.316650471637582e-06
0.5724275724275725 0.4243326980443322 0.4243291690175991 8.31665047102646e-06
0.5734265734265734 0.4233662045338524 0.4233626835451081 8.316650470871976e-06
0.5744255744255744 0.4223993883408149 0.4223958753927431 8.316650470470404e-06
0.5754245754245755 0.421432252672773 0.4214287477680307 8.316650470010521e-06
0.5764235764235764 0.4204648007053966 0.4204613038466143 8.316650469785397e-06
0.5774225774225774 0.4194970355827881 0.4194935467725703 8.316650469261028e-06
0.5784215784215784 0.4185289604177967 0.4185254796587219 8.316650468652143e-06
0.5794205794205795 0.4175605782923293 0.4175571055869504 8.316650468127044e-06
0.5804195804195804 0.4165918922576577 0.4165884276085021 8.316650467800921e-06
0.5814185814185814 0.415622905334723 0.4156194487442932 8.316650467061353e-06
0.5824175824175825 0.4146536205144374 0.414650171985211 8.316650466294095e-06
0.5834165834165834 0.4136840407579828 0.4136806002924127 8.316650465412715e-06
0.5844155844155844 0.412714168997106 0.4127107365976206 8.316650464788612e-06
0.5854145854145855 0.4117440081344113 0.4117405838034151 8.316650463767496e-06
0.5864135864135864 0.4107735610436506 0.4107701447835239 8.316650463083865e-06
0.5874125874125874 0.4098028305700097 0.4097994223831093 8.316650462433417e-06
0.5884115884115884 0.4088318195303925 0.4088284194190518 8.316650461812718e-06
0.5894105894105894 0.407860530713702 0.4078571386802313 8.316650460836546e-06
0.5904095904095904 0.4068889668811192 0.4068855829278055 8.316650460364768e-06
0.5914085914085914 0.4059171307663776 0.4059137548954853 8.316650460050022e-06
0.5924075924075924 0.404945025076037 0.4049416572898081 8.316650459414295e-06
0.5934065934065934 0.4039726524897531 0.4039692927904073 8.316650459078492e-06
0.5944055944055944 0.4030000156605452 0.40299666405028 8.316650458979511e-06
0.5954045954045954 0.4020271172150605 0.4020237736960519 8.316650458356483e-06
0.5964035964035964 0.4010539597538374 0.4010506243282392 8.316650458228295e-06
0.5974025974025974 0.4000805458515634 0.4000772185215085 8.316650458079868e-06
0.5984015984015985 0.3991068780573331 0.3991035588249331 8.316650457507148e-06
0.5994005994005994 0.3981329588949029 0.3981296477622482 8.316650457189133e-06
0.6003996003996004 0.3971587908629417 0.3971554878321021 8.316650457078885e-06
0.6013986013986014 0.3961843764352812 0.3961810815083061 8.31665045652947e-06
0.6023976023976024 0.3952097180611626 0.3952064312400807 8.31665045596689e-06
0.6033966033966034 0.3942348181654812 0.394231539452301 8.316650455771716e-06
0.6043956043956044 0.3932596791490276 0.3932564085457378 8.316650455708812e-06
0.6053946053946054 0.3922843033887281 0.3922810408972978 8.316650455197597e-06
0.6063936063936064 0.3913086932378819 0.3913054388602604 8.316650454721301e-06
0.6073926073926074 0.3903328510263959 0.3903296047645128 8.316650454839741e-06
0.6083916083916084 0.3893567790610163 0.3893535409167827 8.316650454617066e-06
0.6093906093906094 0.3883804796255605 0.3883772496008679 8.316650455028304e-06
0.6103896103896104 0.3874039549811437 0.3874007330778652 8.316650455253037e-06
0.6113886113886113 0.386427207366405 0.3864239935863948 8.316650455520884e-06
0.6123876123876124 0.3854502389977305 0.385447033342825 8.316650454959761e-06
0.6133866133866134 0.3844730520694758 0.3844698545414923 8.316650455186613e-06
0.6143856143856143 0.383495648754183 0.3834924593549212 8.316650455123418e-06
0.6153846153846154 0.3825180312027988 0.3825148499340406 8.31665045473114e-06
0.6163836163836164 0.3815402015448892 0.3815370284083985 8.316650454727374e-06
0.6173826173826173 0.3805621618888514 0.3805589968863748 8.316650454549314e-06
0.6183816183816184 0.3795839143221246 0.3795807574553913 8.316650453941297e-06
0.6193806193806194 0.3786054609113987 0.3786023121821204 8.316650453687285e-06
0.6203796203796204 0.3776268037028194 0.3776236631126912 8.316650453267819e-06
0.6213786213786214 0.3766479447221937 0.3766448122728937 8.316650452607142e-06
0.6223776223776224 0.3756688859751913 0.3756657616683808 8.316650452517799e-06
0.6233766233766234 0.3746896294475451 0.3746865132848689 8.316650452337374e-06
0.6243756243756243 0.3737101771052491 0.3737070690883358 8.316650451835783e-06
0.6253746253746254 0.3727305308947549 0.3727274310252168 8.316650451514425e-06
0.6263736263736264 0.371750692743166 0.3717476010225993 8.316650451566221e-06
0.6273726273726273 0.3707706645584296 0.3707675809884147 8.316650451567788e-06
0.6283716283716284 0.3697904482295274 0.3697873728116293 8.316650451367679e-06
0.6293706293706294 0.3688100456266646 0.3688069783624323 8.316650450935219e-06
0.6303696303696303 0.3678294586014557 0.3678263994924229 8.31665045111249e-06
0.6313686313686314 0.3668486889871093 0.3668456380347946 8.316650450898056e-06
0.6323676323676324 0.365867738598612 0.3658646958045187 8.316650451362935e-06
0.6333666333666333 0.3648866092329088 0.3648835745985253 8.316650451566753e-06
0.6343656343656343 0.3639053026690822 0.3639022761958823 8.316650451882468e-06
0.6353646353646354 0.3629238206685302 0.3629208023579734 8.316650451103916e-06
0.6363636363636364 0.3619421649751428 0.3619391548286731 8.316650451328176e-06
0.6373626373626373 0.3609603373154743 0.360957335334522 8.316650451537446e-06
0.6383616383616384 0.3599783393989168 0.3599753455848979 8.316650451407738e-06
0.6393606393606394 0.3589961729178709 0.3589931872721873 8.316650451778295e-06
0.6403596403596403 0.3580138395479141 0.3580108620719536 8.316650452027741e-06
0.6413586413586414 0.3570313409479678 0.3570283716431049 8.316650451604872e-06
0.6423576423576424 0.3560486787604643 0.3560457176280591 8.316650451896658e-06
0.6433566433566433 0.3550658546115085 0.3550629016529082 8.316650452030055e-06
0.6443556443556444 0.3540828701110418 0.3540799253275801 8.316650451815535e-06
0.6453546453546454 0.3530997268530028 0.3530967902459999 8.316650452067218e-06
0.6463536463536463 0.3521164264154854 0.3521134979862484 8.316650452248398e-06
0.6473526473526473 0.3511329703608966 0.35113005011072 8.316650451871721e-06
0.6483516483516484 0.3501493602361133 0.3501464481662783 8.31665045160591e-06
0.6493506493506493 0.3491655975726357 0.3491626936844109 8.316650451539576e-06
0.6503496503496503 0.3481816838867404 0.3481787881813819 8.316650451488232e-06
0.6513486513486514 0.3471976206796317 0.3471947331583831 8.316650451146691e-06
0.6523476523476524 0.3462134094375919 0.3462105301016843 8.316650450564752e-06
0.6533466533466533 0.3452290516321289 0.3452261804827813 8.316650450148692e-06
0.6543456543456544 0.3442445487201235 0.3442416857585426 8.316650449534032e-06
0.6553446553446554 0.3432599021439749 0.3432570473713555 8.316650449188131e-06
0.6563436563436563 0.3422751133317441 0.3422722667492692 8.316650448796835e-06
0.6573426573426573 0.341290183697297 0.3412873453061377 8.316650448388279e-06
0.6583416583416584 0.3403051146404449 0.3403022844417611 8.316650447192545e-06
0.6593406593406593 0.3393199075470856 0.3393170855420249 8.316650446898531e-06
0.6603396603396603 0.3383345637893397 0.3383317499790387 8.316650446600176e-06
0.6613386613386614 0.3373490847256887 0.3373462791112729 8.316650445717078e-06
0.6623376623376623 0.3363634717011109 0.3363606742836941 8.316650445316164e-06
0.6633366633366633 0.3353777260472146 0.3353749368279 8.316650444987749e-06
0.6643356643356644 0.3343918490823716 0.3343890680622515 8.316650443816497e-06
0.6653346653346653 0.3334058421118495 0.3334030692920048 8.316650443534079e-06
0.6663336663336663 0.3324197064279401 0.3324169418094414 8.316650443044516e-06
0.6673326673326674 0.33143344331009 0.3314306868939971 8.316650442398554e-06
0.6683316683316683 0.3304470540250279 0.3304443058123899 8.316650442135607e-06
0.6693306693306693 0.3294605398268904 0.3294577998187463 8.316650441939985e-06
0.6703296703296703 0.328473901957348 0.3284711701547263 8.316650441638836e-06
0.6713286713286714 0.3274871416457286 0.3274844180496475 8.316650441201166e-06
0.6723276723276723 0.3265002601091402 0.3264975447206079 8.316650441076882e-06
0.6733266733266733 0.3255132585525923 0.325510551372607 8.316650441177794e-06
0.6743256743256744 0.3245261381691164 0.3245234391986664 8.316650440524232e-06
0.6753246753246753 0.3235389001398848 0.3235362093799486 8.316650439973576e-06
0.6763236763236763 0.3225515456343291 0.3225488630858752 8.316650440008035e-06
0.6773226773226774 0.3215640758102557 0.3215614014742433 8.316650439344857e-06
0.6783216783216783 0.3205764918139627 0.3205738256913413 8.316650439061965e-06
0.6793206793206793 0.3195887947803533 0.3195861368720629 8.316650438810183e-06
0.6803196803196803 0.3186009858330495 0.318598336140021 8.316650438356248e-06
0.6813186813186813 0.3176130660845042 0.3176104246076593 8.316650437406909e-06
0.6823176823176823 0.3166250366361127 0.3166224033763633 8.316650437182946e-06
0.6833166833166833 0.3156368985783213 0.3156342735365709 8.316650436746733e-06
0.6843156843156843 0.3146486529907375 0.3146460361678804 8.316650435788205e-06
0.6853146853146853 0.3136603009422371 0.3136576923391588 8.316650435162815e-06
0.6863136863136863 0.312671843491071 0.3126692431086479 8.316650434599157e-06
0.6873126873126874 0.3116832816849703 0.3116806895240707 8.316650433212556e-06
0.6883116883116883 0.3106946165612525 0.3106920326227353 8.316650432529857e-06
0.6893106893106893 0.3097058491469228 0.3097032734316388 8.316650431685742e-06
0.6903096903096904 0.3087169804587781 0.3087144129675697 8.316650430438435e-06
0.6913086913086913 0.3077280115035081 0.307725452237209 8.31665042971816e-06
0.6923076923076923 0.3067389432777957 0.3067363922372315 8.316650428928743e-06
0.6933066933066933 0.3057497767684162 0.3057472339544045 8.31665042773578e-06
0.6943056943056943 0.3047605129523366 0.3047579783656866 8.316650426432486e-06
0.6953046953046953 0.3037711527968123 0.303768626438325 8.316650425764514e-06
0.6963036963036963 0.3027816972594838 0.3027791791299527 8.316650424734654e-06
0.6973026973026973 0.3017921472884725 0.3017896373886829 8.316650423698573e-06
0.6983016983016983 0.3008025038224754 0.3008000021532048 8.316650422539012e-06
0.6993006993006993 0.2998127677908584 0.2998102743528766 8.316650421951456e-06
0.7002997002997003 0.298822940113749 0.2988204549078183 8.316650421040065e-06
0.7012987012987013 0.2978330217021291 0.2978305447290039 8.316650420457159e-06
0.7022977022977023 0.2968430134579245 0.296840544718352 8.316650419808444e-06
0.7032967032967032 0.2958529162740958 0.2958504557688156 8.316650419133997e-06
0.7042957042957043 0.2948627310347272 0.294860278764472 8.316650417783491e-06
0.7052947052947053 0.2938724586151155 0.29387001458061 8.316650417046578e-06
0.7062937062937062 0.2928820998818562 0.2928796640838182 8.31665041658209e-06
0.7072927072927073 0.2918916556929304 0.2918892281320708 8.316650415528962e-06
0.7082917082917083 0.2909011268977914 0.2908987075748138 8.316650414593987e-06
0.7092907092907093 0.2899105143374481 0.2899081032530491 8.316650413586994e-06
0.7102897102897103 0.2889198188445495 0.2889174159994191 8.316650411979442e-06
0.7112887112887113 0.2879290412434685 0.2879266466382892 8.316650411209728e-06
0.7122877122877123 0.2869381823503828 0.2869357959858308 8.316650410458649e-06
0.7132867132867133 0.2859472429733573 0.285944864850102 8.316650409325751e-06
0.7142857142857143 0.2849562239124247 0.2849538540311286 8.316650408808254e-06
0.7152847152847153 0.2839651259596649 0.2839627643209842 8.316650408195372e-06
0.7162837162837162 0.2829739498992843 0.2829715965038687 8.31665040719393e-06
0.7172827172827173 0.2819826965076943 0.2819803513561869 8.316650406130251e-06
0.7182817182817183 0.2809913665535885 0.280989029646626 8.316650405366139e-06
0.7192807192807192 0.2799999607980194 0.2799976321362321 8.316650404504212e-06
0.7202797202797203 0.2790084799944741 0.2790061595784865 8.31665040316798e-06
0.7212787212787213 0.2780169248889506 0.2780146127193804 8.316650401998297e-06
0.7222777222777222 0.2770252962200309 0.2770229922974899 8.316650401467055e-06
0.7232767232767233 0.2760335947189553 0.2760312990440493 8.316650400062e-06
0.7242757242757243 0.2750418211096957 0.2750395336830243 8.316650399496265e-06
0.7252747252747253 0.2740499761090273 0.2740476969311842 8.316650398687808e-06
0.7262737262737263 0.2730580604266001 0.2730557894981733 8.316650397365759e-06
0.7272727272727273 0.2720660747650104 0.272063812086582 8.316650396083026e-06
0.7282717282717283 0.2710740198198707 0.2710717653920167 8.316650395000538e-06
0.7292707292707292 0.2700818962798782 0.270079650103169 8.316650394288981e-06
0.7302697302697303 0.2690897048268847 0.2690874669018853 8.316650392889097e-06
0.7312687312687313 0.2680974461359643 0.2680952164632339 8.316650391592633e-06
0.7322677322677322 0.2671051208754804 0.2671028994555725 8.316650390580749e-06
0.7332667332667333 0.2661127297071526 0.2661105165406156 8.316650388576147e-06
0.7342657342657343 0.2651202732861234 0.2651180683734999 8.316650387420045e-06
0.7352647352647352 0.2641277522610226 0.2641255556028497 8.316650386664404e-06
0.7362637362637363 0.2631351672740322 0.263132978870842 8.316650385214358e-06
0.7372627372627373 0.2621425189609514 0.2621403388132703 8.316650384278563e-06
0.7382617382617382 0.2611498079512586 0.2611476360596082 8.316650383372251e-06
0.7392607392607392 0.2601570348681756 0.2601548712330722 8.316650381989909e-06
0.7402597402597403 0.2591642003287289 0.2591620449506837 8.316650380459647e-06
0.7412587412587412 0.258171304943812 0.2581691578233308 8.316650379312204e-06
0.7422577422577422 0.2571783493182452 0.2571762104558292 8.316650377987813e-06
0.7432567432567433 0.2561853340508374 0.2561832034469825 8.316650376546563e-06
0.7442557442557443 0.2551922597344449 0.2551901373896423 8.316650375025936e-06
0.7452547452547452 0.254199126956031 0.2541970128707667 8.316650374093556e-06
0.7462537462537463 0.2532059362967241 0.2532038304714796 8.316650372865305e-06
0.7472527472527473 0.2522126883318764 0.2522105907671282 8.316650372174284e-06
0.7482517482517482 0.2512193836311207 0.2512172943273406 8.316650371288377e-06
0.7492507492507493 0.2502260227584275 0.2502239417160827 8.31665037009573e-06
0.7502497502497503 0.2492326062721613 0.2492305334917144 8.316650369003855e-06
0.7512487512487512 0.2482391347251366 0.2482370702070454 8.316650368389117e-06
0.7522477522477522 0.2472456086646724 0.2472435524093902 8.316650367583931e-06
0.7532467532467533 0.2462520286326471 0.246249980640623 8.316650366319101e-06
0.7542457542457542 0.2452583951655531 0.2452563554372313 8.3166503656354e-06
0.7552447552447552 0.2442647087945498 0.2442626773303702 8.316650364954048e-06
0.7562437562437563 0.2432709700455162 0.2432689468459147 8.316650363410949e-06
0.7572427572427572 0.2422771794391049 0.2422751645045126 8.31665036294215e-06
0.7582417582417582 0.2412833374907922 0.2412813308216361 8.316650362243018e-06
0.7592407592407593 0.2402894447109308 0.2402874463076337 8.316650361204252e-06
0.7602397602397603 0.2392955016048005 0.2392935114677808 8.316650360354996e-06
0.7612387612387612 0.238301508672658 0.2382995268023302 8.31665035947674e-06
0.7622377622377622 0.2373074664097877 0.2373054928065621 8.316650358287663e-06
0.7632367632367633 0.2363133753065506 0.2363114099708335 8.316650357026819e-06
0.7642357642357642 0.2353192358484335 0.2353172787806269 8.316650356109571e-06
0.7652347652347652 0.2343250485160973 0.2343230997165993 8.316650355182021e-06
0.7662337662337663 0.2333308137854246 0.2333288732546295 8.316650354054543e-06
0.7672327672327672 0.2323365321275683 0.2323345998658663 8.316650353300896e-06
0.7682317682317682 0.2313422040089973 0.2313402800167748 8.316650352233368e-06
0.7692307692307693 0.2303478298915439 0.2303459141691835 8.316650351163232e-06
0.7702297702297702 0.2293534102324499 0.2293515027803303 8.316650350573624e-06
0.7712287712287712 0.2283589454844116 0.2283570463029077 8.316650350149285e-06
0.7722277722277723 0.2273644360956255 0.2273625451851086 8.316650349123665e-06
0.7732267732267732 0.2263698825098329 0.2263679998706707 8.316650348106529e-06
0.7742257742257742 0.2253752851663645 0.2253734107989208 8.31665034751172e-06
0.7752247752247752 0.2243806445001834 0.2243787784048185 8.316650346809005e-06
0.7762237762237763 0.2233859609419293 0.2233841031189999 8.316650345868167e-06
0.7772227772227772 0.2223912349179613 0.2223893853678207 8.316650345340763e-06
0.7782217782217782 0.2213964668504004 0.221394625573398 8.31665034492098e-06
0.7792207792207793 0.2204016571571712 0.2203998241536535 8.316650343322438e-06
0.7802197802197802 0.2194068062520446 0.2194049815223542 8.316650342681934e-06
0.7812187812187812 0.2184119145446782 0.2184100980891544 8.316650342281944e-06
0.7822177822177823 0.2174169824406574 0.2174151742596361 8.316650341292254e-06
0.7832167832167832 0.2164220103415361 0.21642021043535 8.316650340689516e-06
0.7842157842157842 0.2154269986448767 0.2154252070138551 8.316650340205289e-06
0.7852147852147852 0.2144319477442894 0.2144301643887584 8.316650339201675e-06
0.7862137862137862 0.2134368580294723 0.2134350829497547 8.316650338351699e-06
0.7872127872127872 0.2124417298862495 0.2124399630826649 8.31665033797004e-06
0.7882117882117882 0.2114465636966099 0.2114448051694746 8.316650337478038e-06
0.7892107892107892 0.2104513598387454 0.2104496095883727 8.316650336568019e-06
0.7902097902097902 0.2094561186870885 0.2094543767137886 8.316650336135827e-06
0.7912087912087912 0.2084608406123497 0.2084591069164297 8.316650335112593e-06
0.7922077922077922 0.2074655259815547 0.2074638005633186 8.316650334429615e-06
0.7932067932067932 0.2064701751580809 0.2064684580178296 8.316650334242107e-06
0.7942057942057942 0.2054747885016933 0.2054730796397249 8.316650334044013e-06
0.7952047952047953 0.204479366368581 0.2044776657851905 8.316650333464882e-06
0.7962037962037962 0.2034839091113924 0.2034822168068719 8.316650332953714e-06
0.7972027972027972 0.2024884170792706 0.2024867330539092 8.316650332975251e-06
0.7982017982017982 0.2014928906178879 0.2014912148719721 8.316650333044672e-06
0.7992007992007992 0.2004973300694807 0.2004956626032939 8.316650332533193e-06
0.8001998001998002 0.1995017357728835 0.1995000765867063 8.316650332610776e-06
0.8011988011988012 0.1985061080635624 0.1985044571576728 8.316650332514643e-06
0.8021978021978022 0.1975104472736491 0.1975088046483224 8.316650331325998e-06
0.8031968031968032 0.1965147537319741 0.1965131193874824 8.316650331354379e-06
0.8041958041958042 0.1955190277640987 0.1955174017007117 8.316650331404517e-06
0.8051948051948052 0.1945232696923483 0.194521651910333 8.316650330680393e-06
0.8061938061938062 0.1935274798358443 0.1935258703354651 8.316650330658568e-06
0.8071928071928072 0.1925316585105359 0.1925300572920545 8.316650330532455e-06
0.8081918081918081 0.1915358060292316 0.1915342130929072 8.31665032990488e-06
0.8091908091908092 0.1905399227016306 0.1905383380477197 8.316650329234416e-06
0.8101898101898102 0.1895440088343538 0.1895424324631103 8.316650329124346e-06
0.8111888111888111 0.1885480647309738 0.1885464966426492 8.316650329000291e-06
0.8121878121878122 0.1875520906920458 0.1875505308868891 8.316650328557466e-06
0.8131868131868132 0.1865560870151375 0.1865545354933952 8.316650328361646e-06
0.8141858141858141 0.1855600539948584 0.1855585107567746 8.316650327627568e-06
0.8151848151848152 0.1845639919228899 0.1845624569687062 8.31665032673766e-06
0.8161838161838162 0.1835679010880138 0.1835663744179693 8.316650326516405e-06
0.8171828171828172 0.1825717817761413 0.1825702633904727 8.316650326416799e-06
0.8181818181818182 0.1815756342703413 0.1815741241692834 8.316650325704291e-06
0.8191808191808192 0.1805794588508696 0.1805779570346544 8.316650325294726e-06
0.8201798201798202 0.1795832557951957 0.1795817622640529 8.316650325480505e-06
0.8211788211788211 0.178587025378031 0.1785855401321882 8.316650325601092e-06
0.8221778221778222 0.1775907678713561 0.1775892909110388 8.316650325108998e-06
0.8231768231768232 0.1765944835444485 0.1765930148698795 8.31665032514341e-06
0.8241758241758241 0.1755981726639086 0.1755967122753088 8.316650325415521e-06
0.8251748251748252 0.1746018354936866 0.1746003833912748 8.316650324643413e-06
0.8261738261738262 0.1736054722951096 0.173604028479102 8.316650325158699e-06
0.8271728271728271 0.1726090833269064 0.1726076477975173 8.316650325612819e-06
0.8281718281718282 0.1716126688452341 0.1716112416026759 8.31665032555919e-06
0.8291708291708292 0.1706162291037037 0.1706148101481864 8.31665032580365e-06
0.8301698301698301 0.1696197643534053 0.1696183536851367 8.316650326312786e-06
0.8311688311688312 0.1686232748429325 0.1686218724621189 8.316650325364892e-06
0.8321678321678322 0.1676267608184087 0.1676253667252538 8.316650325790538e-06
0.8331668331668332 0.1666302225235103 0.1666288367182158 8.316650326112765e-06
0.8341658341658341 0.1656336601994913 0.1656322826822571 8.31665032661639e-06
0.8351648351648352 0.1646370740852079 0.1646357048562319 8.316650326534182e-06
0.8361638361638362 0.1636404644171418 0.1636391034766199 8.316650326896993e-06
0.8371628371628371 0.1626438314294242 0.1626424787775504 8.316650326662689e-06
0.8381618381618382 0.1616471753538587 0.161645830990825 8.316650326256791e-06
0.8391608391608392 0.1606504964199451 0.1606491603459416 8.316650326407432e-06
0.8401598401598401 0.1596537948549016 0.1596524670701164 8.316650326762839e-06
0.8411588411588412 0.1586570708836877 0.1586557513883074 8.316650326031151e-06
0.8421578421578422 0.157660324729027 0.157659013523236 8.316650325470436e-06
0.8431568431568431 0.1566635566114293 0.1566622536954101 8.316650325779638e-06
0.8441558441558441 0.155666766749212 0.1556654721231455 8.31665032600972e-06
0.8451548451548452 0.1546699553585226 0.154668669022588 8.316650325662755e-06
0.8461538461538461 0.1536731226533602 0.1536718446077345 8.316650326330921e-06
0.8471528471528471 0.1526762688455965 0.1526749990904553 8.31665032685518e-06
0.8481518481518482 0.1516793941449968 0.1516781326805141 8.316650325612532e-06
0.8491508491508492 0.1506824987592423 0.1506812455855899 8.316650325841253e-06
0.8501498501498501 0.1496855828939488 0.149684338011297 8.316650326159553e-06
0.8511488511488512 0.1486886467526884 0.148687410161206 8.316650325636237e-06
0.8521478521478522 0.1476916905370101 0.1476904622368639 8.316650325684044e-06
0.8531468531468531 0.1466947144464591 0.1466934944378143 8.316650325975657e-06
0.8541458541458542 0.1456977186785967 0.1456965069616174 8.316650324573524e-06
0.8551448551448552 0.1447007034290214 0.1446995000038692 8.316650324778489e-06
0.8561438561438561 0.1437036688913866 0.1437024737582219 8.316650325266951e-06
0.8571428571428571 0.1427066152574207 0.1427054284164025 8.31665032556847e-06
0.8581418581418582 0.1417095427169467 0.1417083641682322 8.31665032491949e-06
0.8591408591408591 0.1407124514579004 0.1407112812016453 8.316650325013329e-06
0.8601398601398601 0.1397153416663496 0.1397141797027081 8.316650324127021e-06
0.8611388611388612 0.1387182135265125 0.1387170598556371 8.316650323400131e-06
0.8621378621378621 0.1377210672207763 0.137719921842818 8.316650323511206e-06
0.8631368631368631 0.1367239029297148 0.1367227658448233 8.316650323441844e-06
0.8641358641358642 0.1357267208321071 0.1357255920404304 8.316650322867185e-06
0.8651348651348651 0.1347295211049552 0.1347284006066401 8.316650322386472e-06
0.8661338661338661 0.1337323039235019 0.1337311917186933 8.316650322726246e-06
0.8671328671328671 0.1327350694612474 0.1327339655500891 8.316650323280298e-06
0.8681318681318682 0.1317378178899678 0.1317367222726021 8.316650322900882e-06
0.8691308691308691 0.1307405493797315 0.1307394620562992 8.316650323273663e-06
0.8701298701298701 0.1297432640989164 0.1297421850695571 8.316650323463467e-06
0.8711288711288712 0.1287459622142265 0.1287448914790784 8.316650321967521e-06
0.8721278721278721 0.1277486438907093 0.1277475814499089 8.316650322123834e-06
0.8731268731268731 0.126751309291771 0.1267502551454537 8.316650322446701e-06
0.8741258741258742 0.1257539585791937 0.1257529127274936 8.316650321731414e-06
0.8751248751248751 0.1247565919131516 0.1247555543562013 8.316650321845377e-06
0.8761238761238761 0.1237592094522264 0.1237581801901573 8.316650321795548e-06
0.8771228771228772 0.1227618113534235 0.1227607903863659 8.316650319985135e-06
0.8781218781218781 0.1217643977721881 0.1217633851002704 8.316650319886369e-06
0.8791208791208791 0.1207669688624196 0.1207659644857694 8.316650319791691e-06
0.8801198801198801 0.1197695247764878 0.1197685286952313 8.316650319780941e-06
0.8811188811188811 0.1187720656652479 0.1187710778795101 8.316650318874258e-06
0.8821178821178821 0.1177745916780558 0.1177736121879604 8.316650318992462e-06
0.8831168831168831 0.1167771029627824 0.1167761317684518 8.316650318306043e-06
0.8841158841158842 0.1157795996658289 0.1157786367673845 8.31665031766501e-06
0.8851148851148851 0.1147820819321414 0.1147811273297032 8.316650317812552e-06
0.8861138861138861 0.1137845499052249 0.1137836035989117 8.316650318037689e-06
0.8871128871128872 0.1127870037271578 0.1127860657170875 8.316650317340351e-06
0.8881118881118881 0.1117894435386068 0.1117885138248958 8.316650316527806e-06
0.8891108891108891 0.1107918694788398 0.1107909480616034 8.316650316666621e-06
0.8901098901098901 0.1097942816857406 0.1097933685650931 8.316650316944632e-06
0.8911088911088911 0.1087966802958222 0.1087957754718766 8.316650315986884e-06
0.8921078921078921 0.1077990654442408 0.1077981689171091 8.316650316334299e-06
0.8931068931068931 0.106801437264809 0.106800549034602 8.316650316699255e-06
0.8941058941058941 0.1058037958900092 0.1058029159568367 8.31665031493196e-06
0.8951048951048951 0.1048061414510072 0.1048052698149779 8.316650315261087e-06
0.8961038961038961 0.1038084740776648 0.1038076107388861 8.316650315364365e-06
0.8971028971028971 0.1028107938985526 0.1028099388571312 8.316650314553602e-06
0.8981018981018981 0.1018131010409638 0.101812254297005 8.316650314944129e-06
0.8991008991008991 0.1008153956309258 0.100814557184534 8.316650315260382e-06
0.9000999000999002 0.09981767779321328 0.09981684764449197 8.316650313445995e-06
0.9010989010989011 0.09881994765136108 0.09881912580041244 8.316650313785459e-06
0.9020979020979021 0.09782220532767556 0.09782139177460088 8.31665031431662e-06
0.903096903096903 0.0968244509432475 0.09682364568814707 8.316650314964132e-06
0.9040959040959041 0.09582668461796388 0.09582588766093714 8.316650314305772e-06
0.9050949050949051 0.09482890647052035 0.09482811781166549 8.316650314915272e-06
0.9060939060939061 0.09383111661843217 0.09383033625784665 8.316650314403894e-06
0.9070929070929071 0.09283331517804688 0.09283254311582709 8.316650313673632e-06
0.9080919080919081 0.09183550226455546 0.09183473850079671 8.316650314072647e-06
0.9090909090909091 0.09083767799200361 0.09083692252680038 8.31665031436323e-06
0.9100899100899101 0.08983984247330341 0.08983909530674934 8.316650313512103e-06
0.9110889110889111 0.08884199582024482 0.08884125695243252 8.316650312575299e-06
0.9120879120879121 0.08784413814350651 0.08784340757452754 8.316650312920038e-06
0.913086913086913 0.08684626955266679 0.08684554728261192 8.316650313205395e-06
0.9140859140859141 0.08584839015621473 0.08584767618517393 8.316650312295277e-06
0.9150849150849151 0.08485050006156132 0.08484979438962345 8.316650312704042e-06
0.916083916083916 0.08385259937504952 0.08385190200230266 8.316650313199612e-06
0.9170829170829171 0.08285468820196508 0.08285399912849668 8.316650310921722e-06
0.9180819180819181 0.08185676664654788 0.08185608587244406 8.316650311453757e-06
0.919080919080919 0.08085883481200094 0.08085816233734719 8.316650311836626e-06
0.9200799200799201 0.07986089280050156 0.07986022862538261 8.316650310981675e-06
0.9210789210789211 0.07886294071321164 0.0788622848377112 8.316650311371693e-06
0.9220779220779221 0.0778649786502872 0.07786433107448823 8.316650311803151e-06
0.9230769230769231 0.07686700671088861 0.07686636743487346 8.316650309492862e-06
0.9240759240759241 0.07586902499319116 0.07586839401704094 8.316650309850477e-06
0.9250749250749251 0.07487103359439362 0.07487041091818884 8.316650310341535e-06
0.926073926073926 0.07387303261072879 0.07387241823454915 8.316650311033398e-06
0.9270729270729271 0.07287502213747281 0.07287441606139733 8.316650310392409e-06
0.9280719280719281 0.07187700226895501 0.07187640449306174 8.316650310963897e-06
0.929070929070929 0.07087897309856668 0.07087838362293307 8.31665031026013e-06
0.9300699300699301 0.06988093471877109 0.06988035354347376 8.316650309137774e-06
0.9310689310689311 0.0688828872211124 0.06888231434622705 8.316650309822922e-06
0.932067932067932 0.06788483069622456 0.06788426612182627 8.316650310491036e-06
0.9330669330669331 0.0668867652338406 0.06688620896000382 8.316650309528181e-06
0.9340659340659341 0.06588869092280183 0.06588814294960013 8.31665030870518e-06
0.935064935064935 0.0648906078510664 0.06489006817857255 8.316650309159537e-06
0.936063936063936 0.06389251610571797 0.06389198473400411 8.316650309824404e-06
0.9370629370629371 0.0628944157729745 0.06289389270211217 8.316650308355773e-06
0.938061938061938 0.06189630693819731 0.06189579216825709 8.316650308987746e-06
0.939060939060939 0.06089818968589884 0.06089768321695074 8.316650309511393e-06
0.9400599400599401 0.05990006409975134 0.05989956593186489 8.316650306297106e-06
0.9410589410589411 0.05890193026259601 0.05890144039583962 8.316650306895801e-06
0.942057942057942 0.05790378825644994 0.05790330669089153 8.316650307513913e-06
0.9430569430569431 0.05690563816251501 0.05690516489822196 8.316650306283784e-06
0.9440559440559441 0.05590748006118632 0.0559070150982251 8.316650307033634e-06
0.945054945054945 0.05490931403205944 0.05490885737049599 8.316650307925375e-06
0.9460539460539461 0.05391114015393865 0.05391069179383846 8.316650304661377e-06
0.9470529470529471 0.05291295850484556 0.05291251844627304 8.316650305594249e-06
0.948051948051948 0.05191476916202557 0.0519143374050447 8.316650306611063e-06
0.949050949050949 0.05091657220195642 0.05091614874663056 8.316650307490147e-06
0.9500499500499501 0.04991836770035556 0.04991795254674753 8.316650306450707e-06
0.951048951048951 0.04892015573218813 0.04891974888035991 8.316650307651834e-06
0.952047952047952 0.04792193637167362 0.04792153782168681 8.316650306461621e-06
0.9530469530469531 0.04692370969229413 0.04692331944420958 8.31665030537852e-06
0.954045954045954 0.04592547576680128 0.04592509382067916 8.316650306495033e-06
0.955044955044955 0.04492723466722334 0.04492686102312331 8.316650307899015e-06
0.9560439560439561 0.04392898646487257 0.04392862112285381 8.316650306692325e-06
0.9570429570429571 0.04293073123035261 0.04293037419047361 8.316650305501593e-06
0.958041958041958 0.04193246903356527 0.04193212029588381 8.316650306846331e-06
0.959040959040959 0.0409341999437173 0.04093385950829072 8.316650308208614e-06
0.9600399600399601 0.0399359240293275 0.03993559189621267 8.316650306614522e-06
0.961038961038961 0.03893764135823392 0.03893731752748693 8.316650308019023e-06
0.962037962037962 0.03793935199759996 0.03793903646927643 8.31665030927545e-06
0.9630369630369631 0.03694105601392125 0.0369407487880765 8.316650304605441e-06
0.964035964035964 0.03594275347303315 0.03594245454972148 8.316650305888533e-06
0.965034965034965 0.03494444444011589 0.0349441538193913 8.316650307256464e-06
0.9660339660339661 0.03394612897970192 0.03394584666161796 8.316650305579917e-06
0.967032967032967 0.03294780715568255 0.03294753314029204 8.31665030741045e-06
0.968031968031968 0.03194947903131367 0.031949213318669 8.316650309207552e-06
0.9690309690309691 0.03095114466922225 0.03095088725937554 8.316650303780073e-06
0.97002997002997 0.02995280413141344 0.0299525550244158 8.316650305737726e-06
0.971028971028971 0.02895445747927533 0.02895421667517763 8.316650307677901e-06
0.972027972027972 0.02795610477358605 0.02795587227243863 8.316650309636962e-06
0.9730269730269731 0.02695774607451945 0.02695752187637226 8.316650307853397e-06
0.974025974025974 0.02595938144165158 0.02595916554655386 8.31665031007333e-06
0.975024975024975 0.02496101093396583 0.02496080334196656 8.316650307827314e-06
0.9760239760239761 0.02396263460985962 0.02396243532100718 8.31665030519244e-06
0.977022977022977 0.02296425252714989 0.02296406154149205 8.316650307316114e-06
0.978021978021978 0.02196586474307863 0.02196568206066282 8.316650309600909e-06
0.9790209790209791 0.02096747131431884 0.0209672969351921 8.316650306799439e-06
0.98001998001998 0.01996907229698039 0.0199689062211892 8.31665030362137e-06
0.981018981018981 0.01897066774661539 0.01897050997420567 8.316650306195217e-06
0.9820179820179821 0.01797225771822344 0.01797210824924084 8.316650303155592e-06
0.983016983016983 0.01697384226625786 0.01697370110074738 8.316650305871845e-06
0.984015984015984 0.01597542144463035 0.01597528858263665 8.316650309074636e-06
0.985014985014985 0.01497699530671683 0.01497687074828413 8.316650312757493e-06
0.986013986013986 0.01397856390536243 0.01397844765053472 8.316650300846842e-06
0.987012987012987 0.01298012729288764 0.01298001934170804 8.316650304380159e-06
0.988011988011988 0.01198168552109222 0.01198158587360363 8.316650308637137e-06
0.9890109890109891 0.01098323864126111 0.01098314729750613 8.31665030356915e-06
0.99000999000999 0.009984786704169841 0.009984703664190415 8.316650308716278e-06
0.991008991008991 0.008986329760088846 0.008986255023926616 8.316650314934356e-06
0.9920079920079921 0.007987867858788762 0.007987801426485178 8.316650294911633e-06
0.993006993006993 0.006989401049546155 0.006989342921141814 8.316650300755439e-06
0.994005994005994 0.005990929381147108 0.005990879556682421 8.316650308656329e-06
0.995004995004995 0.004992452901892974 0.004992411381407952 8.316650319651389e-06
0.996003996003996 0.00399397165960487 0.003993938443139233 8.316650309017322e-06
0.997002997002997 0.002995485701628884 0.002995460789221741 8.316650327811013e-06
0.998001998001998 0.001996995074840034 0.001996978466530325 8.31665031030537e-06
0.999000999000999 0.0009984998256477163 0.0009984915214738838 8.316650257928857e-06
1 5.888573049311896e-18 0 1
