n: 1000 ellapsed time: 0.000486
x: accurate_solution: approximate_solution relative_error:
0 0 0 nan
0.000999000999000999 0.008941319949272608 0.008941245587442855 8.316650133845395e-06
0.001998001998001998 0.0177838308196665 0.01778368291776757 8.316650131755236e-06
0.002997002997002997 0.02652851480065699 0.02652829417228084 8.31665013312221e-06
0.003996003996003996 0.03517634431848504 0.03517605176913647 8.316650130661855e-06
0.004995004995004995 0.04372828213320723 0.04372791846038384 8.316650132348352e-06
0.005994005994005994 0.0521852814347793 0.05218484742805163 8.316650130746108e-06
0.006993006993006993 0.06054828593818662 0.06054778237927646 8.316650130677676e-06
0.007992007992007992 0.06881822997762721 0.06881765764048592 8.316650130022416e-06
0.008991008991008992 0.0769960385997599 0.07699539825064543 8.316650130512525e-06
0.00999000999000999 0.08508262765602448 0.08508192005357818 8.316650129383283e-06
0.01098901098901099 0.09307890389404549 0.0930781297893673 8.31665013022617e-06
0.01198801198801199 0.1009857650481256 0.1009849251848497 8.316650129519094e-06
0.01298701298701299 0.1088040999288418 0.1088031950432099 8.316650130474956e-06
0.01398601398601399 0.1165347885117481 0.1165338193326841 8.316650129925374e-06
0.01498501498501498 0.1241787020252 0.1241776692743816 8.3166501301831e-06
0.01598401598401598 0.1317367030373021 0.1317356074292337 8.316650129536868e-06
0.01698301698301698 0.1392096455419952 0.1392084877840785 8.316650130265193e-06
0.01798201798201798 0.1465983750442842 0.1465971558368893 8.31665012985135e-06
0.01898101898101898 0.1539037286446218 0.1539024486811569 8.316650130107811e-06
0.01998001998001998 0.161126535122451 0.1611251950894317 8.316650129985999e-06
0.02097902097902098 0.1682676150189193 0.1682662155960369 8.316650130186607e-06
0.02197802197802198 0.1753277807187685 0.1753263225789582 8.31665013018452e-06
0.02297702297702298 0.1823078365314126 0.1823063203409202 8.316650130096525e-06
0.02397602397602398 0.1892085787712082 0.1892070051896569 8.316650130701063e-06
0.02497502497502498 0.1960307958369275 0.1960291655173839 8.316650129810353e-06
0.02597402597402598 0.2027752682904422 0.2027735818794808 8.316650130079139e-06
0.02697302697302697 0.2094427689346233 0.2094410270723919 8.316650129699206e-06
0.02797202797202797 0.2160340628904688 0.2160322662107515 8.31665013027018e-06
0.02897102897102897 0.2225499076734624 0.2225480568037439 8.316650129699497e-06
0.02997002997002997 0.2289910532691759 0.2289891488307031 8.316650129556574e-06
0.03096903096903097 0.2353582422081174 0.2353562848159619 8.316650129331581e-06
0.03196803196803197 0.2416522096398372 0.2416501999029567 8.316650129444045e-06
0.03296703296703297 0.2478736834062965 0.2478716219275953 8.316650129222917e-06
0.03396603396603397 0.2540233841145068 0.2540212714908964 8.316650129469182e-06
0.03496503496503497 0.2601020252084471 0.2600998620309055 8.316650129342239e-06
0.03596403596403597 0.2661103130402671 0.2661080998938976 8.316650129850003e-06
0.03696303696303696 0.272048946940781 0.2720466844048711 8.316650129653528e-06
0.03796203796203796 0.2779186192892623 0.2779163079373411 8.316650130019865e-06
0.03896103896103896 0.2837200155825434 0.283717655982439 8.316650129787727e-06
0.03996003996003996 0.2894538145034298 0.2894514072173257 8.316650130165778e-06
0.04095904095904096 0.2951206879884319 0.2951182335729239 8.316650129772266e-06
0.04195804195804196 0.3007213012948273 0.3007188003009778 8.316650130038834e-06
0.04295704295704296 0.3062563130670518 0.3062537660404459 8.316650130069029e-06
0.04395604395604395 0.3117263754024345 0.311723782883234 8.316650129899852e-06
0.04495504495504495 0.3171321339162775 0.3171294964392746 8.316650130289073e-06
0.04595404595404595 0.3224742278062882 0.3224715459009596 8.316650130133164e-06
0.04695304695304695 0.3277532899163734 0.3277505641069322 8.316650130080977e-06
0.04795204795204795 0.3329699467997967 0.3329671776052453 8.31665013031674e-06
0.04895104895104895 0.3381248187817096 0.3381220067158914 8.316650130536205e-06
0.04995004995004995 0.3432185200210605 0.3432156655927112 8.316650130423915e-06
0.05094905094905095 0.3482516585718888 0.348248762284687 8.316650130580708e-06
0.05194805194805195 0.353224836444009 0.353221898796627 8.316650130401248e-06
0.05294705294705294 0.3581386496630925 0.358135671149245 8.31665013048255e-06
0.05394605394605394 0.3629936883301508 0.3629906694386454 8.316650130262179e-06
0.05494505494505494 0.3677905366804292 0.3677874778952143 8.316650130536372e-06
0.05594405594405594 0.372529773141713 0.3725266749419265 8.316650130580958e-06
0.05694305694305694 0.3772119703920566 0.3772088332520737 8.316650130800337e-06
0.05794205794205794 0.381837695416936 0.3818345198064166 8.316650130395561e-06
0.05894105894105894 0.3864075095658362 0.3864042959497713 8.316650130815282e-06
0.05994005994005994 0.3909219686082727 0.3909187174470315 8.316650130314971e-06
0.06093906093906094 0.3953816227892597 0.3953783345386347 8.316650130975022e-06
0.06193806193806194 0.3997870168842234 0.3997836919954771 8.316650130680403e-06
0.06293706293706294 0.4041386902533729 0.4041353291732818 8.31665013074654e-06
0.06393606393606394 0.4084371768955278 0.4084337800664272 8.316650130698562e-06
0.06493506493506493 0.4126830055014125 0.4126795733612408 8.316650130653901e-06
0.06593406593406594 0.4168766995064195 0.416873232488762 8.316650130771898e-06
0.06693306693306693 0.4210187771428496 0.4210152756769817 8.316650130747363e-06
0.06793206793206794 0.4251097514916317 0.4251062160025614 8.316650130518852e-06
0.06893106893106893 0.4291501305335287 0.4291465614420394 8.316650130816691e-06
0.06993006993006994 0.4331404171998346 0.4331368149225273 8.316650130743272e-06
0.07092907092907093 0.4370811094225682 0.4370774743719024 8.316650130702318e-06
0.07192807192807193 0.4409727001841666 0.4409690327685018 8.3166501310256e-06
0.07292707292707293 0.444815677566685 0.444811978190322 8.316650130807009e-06
0.07392607392607392 0.4486105248005096 0.4486067938637298 8.316650130888162e-06
0.07492507492507493 0.4523577203125824 0.4523539582116886 8.316650130689538e-06
0.07592407592407592 0.4560577377741503 0.4560539449015059 8.316650130562981e-06
0.07692307692307693 0.4597110461480372 0.4597072228921052 8.316650130657383e-06
0.07792207792207792 0.4633181097354475 0.4633142564808296 8.316650130805686e-06
0.07892107892107893 0.4668793882223033 0.4668755053497783 8.316650130662844e-06
0.07992007992007992 0.4703953367251226 0.4703914246116839 8.316650130789335e-06
0.08091908091908091 0.473866405836439 0.473862464855333 8.316650130649063e-06
0.08191808191808192 0.4772930416697728 0.4772890721905353 8.316650130773257e-06
0.08291708291708291 0.4806756859041523 0.4806716882926464 8.316650130450797e-06
0.08391608391608392 0.4840147758281955 0.4840107504466468 8.316650130684156e-06
0.08491508491508491 0.4873107443837498 0.4873066915907839 8.316650130652118e-06
0.08591408591408592 0.4905640202091024 0.4905599403597796 8.316650130772791e-06
0.08691308691308691 0.4937750276817572 0.4937709211276087 8.316650130705462e-06
0.08791208791208791 0.4969441869607889 0.4969400540498515 8.31665013067701e-06
0.08891108891108891 0.5000719140287753 0.5000677551056262 8.316650130544507e-06
0.0899100899100899 0.5031586207333124 0.5031544361391036 8.316650130554756e-06
0.09090909090909091 0.5062047148281181 0.5062005049006105 8.316650130437837e-06
0.0919080919080919 0.5092106000137256 0.5092063650873226 8.316650130393131e-06
0.09290709290709291 0.5121766759777737 0.5121724163835547 8.31665013031291e-06
0.0939060939060939 0.5151033384348959 0.5150990545006492 8.316650130224861e-06
0.09490509490509491 0.5179909791662132 0.5179866712164687 8.316650130511468e-06
0.0959040959040959 0.5208399860584338 0.520835654414496 8.316650130210204e-06
0.0969030969030969 0.5236507431425661 0.523646388122545 8.31665013003933e-06
0.0979020979020979 0.5264236306322437 0.5264192525510876 8.316650130060269e-06
0.0989010989010989 0.5291590249616722 0.5291546241311984 8.316650130147738e-06
0.0999000999000999 0.5318572988231971 0.5318528755521238 8.316650129824575e-06
0.1008991008991009 0.5345188212044999 0.5345143757984759 8.31665013018412e-06
0.1018981018981019 0.5371439574254221 0.5371394901870588 8.316650129974339e-06
0.1028971028971029 0.539733069174426 0.5397285804033259 8.316650130235445e-06
0.1038961038961039 0.5422865145446902 0.5422820045374785 8.316650130006401e-06
0.1048951048951049 0.5448046480698494 0.544800117120202 8.316650130309503e-06
0.1058941058941059 0.547287820759375 0.5472832691580494 8.31665012991566e-06
0.1068931068931069 0.5497363801336087 0.5497318081684714 8.316650129914059e-06
0.1078921078921079 0.5521506702584433 0.5521460782144999 8.316650129720122e-06
0.1088911088911089 0.5545310317796627 0.5545264199390852 8.316650129800423e-06
0.1098901098901099 0.5568778019569369 0.5568731705990929 8.316650129946292e-06
0.1108891108891109 0.5591913146974825 0.5591866640989624 8.316650129978699e-06
0.1118881118881119 0.561471900589386 0.561467231024031 8.316650130044859e-06
0.1128871128871129 0.5637198869345975 0.5637151986735265 8.316650130124872e-06
0.1138861138861139 0.5659355977815952 0.5659308910932324 8.316650129947408e-06
0.1148851148851149 0.5681193539577263 0.5681146291078274 8.316650129889032e-06
0.1158841158841159 0.5702714731012258 0.5702667303529049 8.316650130105519e-06
0.1168831168831169 0.5723922696929169 0.5723875093066727 8.316650130075547e-06
0.1178821178821179 0.5744820550875971 0.5744772773213388 8.31665013028456e-06
0.1188811188811189 0.5765411375451108 0.5765363426541842 8.316650130217735e-06
0.1198801198801199 0.5785698222611153 0.5785650104983276 8.316650130238245e-06
0.1208791208791209 0.5805684113975386 0.5805635830131842 8.316650130370633e-06
0.1218781218781219 0.5825372041127358 0.5825323593546212 8.316650130447945e-06
0.1228771228771229 0.5844764965913454 0.5844716357048139 8.316650130259945e-06
0.1238761238761239 0.5863865820738496 0.5863817053018053 8.316650130459816e-06
0.1248751248751249 0.5882677508858386 0.5882628584687715 8.316650130437981e-06
0.1258741258741259 0.5901202904669867 0.590115382642996 8.316650130379625e-06
0.1268731268731269 0.5919444853997384 0.5919395624045568 8.31665013028647e-06
0.1278721278721279 0.5937406174377106 0.5937356795047273 8.316650130142758e-06
0.1288711288711289 0.5955089655338111 0.5955040128940954 8.316650130082115e-06
0.1298701298701299 0.5972498058680793 0.5972448387504037 8.316650129997702e-06
0.1308691308691309 0.5989634118752487 0.5989584305061115 8.316650129904418e-06
0.1318681318681319 0.6006500542720365 0.6006450588756845 8.316650130113815e-06
0.1328671328671329 0.6023100010841609 0.6023049918826118 8.316650130488305e-06
0.1338661338661339 0.6039435176730901 0.6039384948861551 8.316650130262842e-06
0.1348651348651349 0.605550866762527 0.6055458306078321 8.316650130256233e-06
0.1358641358641359 0.6071323084646283 0.6071272591576359 8.316650130479523e-06
0.1368631368631369 0.6086881003059639 0.608683038059995 8.316650130521561e-06
0.1378621378621379 0.6102184972532185 0.6102134222794738 8.316650130295645e-06
0.1388611388611388 0.6117237517386382 0.6117186642462187 8.316650130233873e-06
0.1398601398601399 0.613204113685223 0.6131990138811509 8.316650130396014e-06
0.1408591408591409 0.6146598305316687 0.6146547186209088 8.316650130678484e-06
0.1418581418581419 0.6160911472570627 0.6160860234425425 8.316650130482902e-06
0.1428571428571428 0.6174983064053331 0.6174931708879625 8.316650130549918e-06
0.1438561438561439 0.6188815481094541 0.6188764010881461 8.316650130645431e-06
0.1448551448551449 0.6202411101154118 0.6202359517871023 8.316650130682192e-06
0.1458541458541459 0.6215772278059322 0.6215720583655994 8.316650130579283e-06
0.1468531468531468 0.6228901342239717 0.6228849538646556 8.316650130483077e-06
0.1478521478521478 0.6241800600959755 0.6241748690087974 8.316650130277101e-06
0.1488511488511489 0.625447233854905 0.6254420322290859 8.31665013052111e-06
0.1498501498501499 0.6266918816630339 0.6266866696859146 8.316650130370259e-06
0.1508491508491508 0.6279142274345215 0.6279090052915801 8.316650130295771e-06
0.1518481518481518 0.6291144928577583 0.6291092607326293 8.316650130364897e-06
0.1528471528471528 0.6302928974174911 0.6302876554919835 8.316650130481357e-06
0.1538461538461539 0.6314496584167277 0.6314444068708437 8.316650130449997e-06
0.1548451548451548 0.6325849909984245 0.6325797300103767 8.316650130219028e-06
0.1558441558441558 0.6336991081669572 0.6336938379131867 8.316650130297719e-06
0.1568431568431568 0.6347922208093795 0.6347869414645736 8.31665013024875e-06
0.1578421578421579 0.6358645377164697 0.6358592494535793 8.316650130167103e-06
0.1588411588411588 0.6369162656035683 0.6369109685938249 8.316650130403429e-06
0.1598401598401598 0.637947609131208 0.6379423035441413 8.316650130422916e-06
0.1608391608391608 0.6389587709255395 0.6389534569289941 8.31665013028409e-06
0.1618381618381618 0.6399499515985542 0.6399446293587059 8.316650130197771e-06
0.1628371628371628 0.6409213497681047 0.6409160194494775 8.316650130439358e-06
0.1638361638361638 0.641873162077727 0.6418678238432098 8.316650130572686e-06
0.1648351648351648 0.6428055832162667 0.6428002372271293 8.316650130237649e-06
0.1658341658341658 0.6437188059373085 0.6437134523532173 8.316650130105781e-06
0.1668331668331668 0.6446130210784132 0.6446076600574476 8.316650130074729e-06
0.1678321678321678 0.645488417580164 0.6454830492788317 8.316650130404293e-06
0.1688311688311688 0.6463451825050218 0.6463398070782755 8.316650130268969e-06
0.1698301698301698 0.6471835010559963 0.6471781186572478 8.316650130441444e-06
0.1708291708291708 0.6480035565951272 0.6479981673762638 8.316650130303757e-06
0.1718281718281718 0.6488055306617856 0.6488001347731844 8.316650130359419e-06
0.1728271728271728 0.6495896029907909 0.6495842005813346 8.3166501302854e-06
0.1738261738261738 0.6503559515303491 0.6503505427474401 8.316650130244144e-06
0.1748251748251748 0.6511047524598117 0.6510993374493874 8.3166501301423e-06
0.1758241758241758 0.6518361802072592 0.6518307591138063 8.316650130089163e-06
0.1768231768231768 0.6525504074669086 0.6525449804334775 8.316650130003526e-06
0.1778221778221778 0.6532476052163493 0.6532421723845684 8.316650130075134e-06
0.1788211788211788 0.6539279427336057 0.6539225042436956 8.316650130206673e-06
0.1798201798201798 0.6545915876140322 0.6545861436048199 8.316650130139847e-06
0.1808191808191808 0.6552387057870396 0.6552332563959719 8.316650130091033e-06
0.1818181818181818 0.6558694615326541 0.6558640068958115 8.316650130200405e-06
0.1828171828171828 0.6564840174979135 0.6564785577500238 8.316650130324641e-06
0.1838161838161838 0.6570825347130989 0.657077069987551 8.316650130170718e-06
0.1848151848151848 0.6576651726078062 0.6576597030366628 8.316650130274997e-06
0.1858141858141858 0.6582320890268575 0.6582266147408684 8.316650130449211e-06
0.1868131868131868 0.6587834402460533 0.658777961374669 8.316650130427388e-06
0.1878121878121878 0.6593193809877699 0.659313897659154 8.31665013034294e-06
0.1888111888111888 0.6598400644364004 0.6598345767774425 8.316650130364147e-06
0.1898101898101898 0.6603456422536431 0.6603401503899714 8.316650130333374e-06
0.1908091908091908 0.6608362645936369 0.6608307686496308 8.316650130417867e-06
0.1918081918081918 0.6613120801179471 0.6613065802167497 8.316650130416424e-06
0.1928071928071928 0.6617732360104025 0.6617677322739328 8.316650130580858e-06
0.1938061938061938 0.6622198779917836 0.6622143705407491 8.316650130256396e-06
0.1948051948051948 0.6626521503343669 0.6626466392882744 8.316650130382819e-06
0.1958041958041958 0.6630701958763217 0.6630646813534907 8.316650130294875e-06
0.1968031968031968 0.6634741560359674 0.663468638153541 8.316650130560658e-06
0.1978021978021978 0.6638641708258857 0.6638586496998428 8.316650130459765e-06
0.1988011988011988 0.6642403788668954 0.6642348546120616 8.316650130820618e-06
0.1998001998001998 0.664602917401885 0.6645973901319452 8.31665013066905e-06
0.2007992007992008 0.6649519223095124 0.6649463921370207 8.316650130902001e-06
0.2017982017982018 0.6652875281177628 0.665281995154155 8.31665013094242e-06
0.2027972027972028 0.6656098680173768 0.6656043323729809 8.316650130743611e-06
0.2037962037962038 0.6659190738751424 0.6659135356591895 8.316650130788593e-06
0.2047952047952048 0.6662152762470552 0.6662097355676908 8.316650130924766e-06
0.2057942057942058 0.6664986043913481 0.6664930613556427 8.31665013086906e-06
0.2067932067932068 0.6667691862813918 0.6667636409953516 8.316650130713297e-06
0.2077922077922078 0.6670271486184665 0.6670216011870437 8.316650130764175e-06
0.2087912087912088 0.6672726168444063 0.6672670673715101 8.316650130886139e-06
0.2097902097902098 0.6675057151541193 0.6675001637426259 8.316650131011526e-06
0.2107892107892108 0.6677265665079817 0.667721013259745 8.316650130819779e-06
0.2117882117882118 0.6679352926441102 0.6679297376599711 8.316650131080984e-06
0.2127872127872128 0.6681320140905104 0.668126457470308 8.316650130844292e-06
0.2137862137862138 0.6683168501771068 0.6683112920196873 8.316650130945421e-06
0.2147852147852148 0.6684899190476512 0.6684843594508786 8.316650130700529e-06
0.2157842157842158 0.6686513376715143 0.6686457767322795 8.31665013058418e-06
0.2167832167832168 0.6688012218553586 0.6687956596695896 8.316650130422767e-06
0.2177822177822178 0.6689396862546971 0.6689341229173682 8.316650130413324e-06
0.2187812187812188 0.6690668443853347 0.6690612799904762 8.316650130317191e-06
0.2197802197802198 0.6691828086346985 0.6691772432754056 8.316650130646858e-06
0.2207792207792208 0.6692876902730528 0.6692821240414962 8.316650130369529e-06
0.2217782217782218 0.6693815994646058 0.6693760324520394 8.316650130419168e-06
0.2227772227772228 0.6694646452785025 0.6694590775752731 8.316650130241806e-06
0.2237762237762238 0.6695369356997108 0.6695313673952672 8.316650130480194e-06
0.2247752247752248 0.669598577639798 0.6695930088227 8.316650130352259e-06
0.2257742257742258 0.669649676947601 0.6696441077055281 8.316650130171901e-06
0.2267732267732268 0.6696903384197904 0.6696847688395502 8.31665013022265e-06
0.2277722277722278 0.6697206658113287 0.6697150959788662 8.31665013013053e-06
0.2287712287712288 0.6697407618458258 0.6697351918462314 8.316650130393302e-06
0.2297702297702298 0.6697507282257898 0.6697451581433087 8.31665013026385e-06
0.2307692307692308 0.6697506656427791 0.6697450955608184 8.316650130276469e-06
0.2317682317682318 0.6697406737874492 0.6697351037885872 8.316650130298608e-06
0.2327672327672328 0.6697208513595035 0.6697152815254979 8.316650130236174e-06
0.2337662337662338 0.6696912960775431 0.6696857264893384 8.316650130076969e-06
0.2347652347652348 0.6696521046888191 0.6696465354265555 8.316650130101165e-06
0.2357642357642358 0.6696033729788884 0.6695978041219094 8.316650130098273e-06
0.2367632367632368 0.6695451957811732 0.6695396274080335 8.316650130243133e-06
0.2377622377622378 0.669477666986425 0.6694720991748987 8.316650130149334e-06
0.2387612387612388 0.6694008795520957 0.6693953123791836 8.316650130245176e-06
0.2397602397602397 0.6693149255116142 0.6693093590535518 8.316650130165995e-06
0.2407592407592408 0.6692198959835721 0.6692143303158371 8.316650130132597e-06
0.2417582417582418 0.6691158811808168 0.6691103163781364 8.316650130174931e-06
0.2427572427572428 0.6690029704194552 0.6689974065558143 8.31665013002005e-06
0.2437562437562437 0.6688812521277675 0.6688756892764152 8.316650129810897e-06
0.2447552447552448 0.6687508138550327 0.6687452520884897 8.316650129996938e-06
0.2457542457542458 0.6686117422802651 0.6686061816703318 8.316650129897423e-06
0.2467532467532468 0.6684641232208667 0.6684585638386294 8.316650129917759e-06
0.2477522477522477 0.6683080416411901 0.6683024835570287 8.316650129949001e-06
0.2487512487512487 0.6681435816610189 0.6681380249446138 8.316650129760212e-06
0.2497502497502498 0.6679708265639634 0.6679652712843021 8.316650129724808e-06
0.2507492507492508 0.6677898588057715 0.6677843050311555 8.316650129886564e-06
0.2517482517482518 0.667600760022558 0.6675952078206103 8.316650130022987e-06
0.2527472527472527 0.6674036110389526 0.667398060476624 8.316650130208791e-06
0.2537462537462538 0.6671984918761658 0.6671929430197415 8.316650130050179e-06
0.2547452547452547 0.6669854817599752 0.6669799346750815 8.316650130082605e-06
0.2557442557442557 0.6667646591286323 0.6667591138802432 8.316650130008567e-06
0.2567432567432568 0.6665361016406908 0.6665305582931343 8.316650130097643e-06
0.2577422577422577 0.6662998861827568 0.6662943447997218 8.316650129924359e-06
0.2587412587412588 0.6660560888771629 0.6660505495217047 8.316650130104672e-06
0.2597402597402597 0.6658047850895641 0.6657992478241116 8.316650130035262e-06
0.2607392607392607 0.6655460494364602 0.6655405143228217 8.316650129965821e-06
0.2617382617382618 0.6652799557926427 0.6652744228920119 8.31665012990631e-06
0.2627372627372627 0.665006577298567 0.6650010466715294 8.316650130202089e-06
0.2637362637362637 0.6647259863676523 0.6647204580741912 8.316650130274165e-06
0.2647352647352647 0.6644382546935085 0.6644327287930112 8.316650130030592e-06
0.2657342657342657 0.6641434532570912 0.6641379298083543 8.316650130112226e-06
0.2667332667332667 0.6638416523337859 0.6638361313950216 8.316650130133207e-06
0.2677322677322677 0.6635329215004213 0.6635274031292633 8.316650130263934e-06
0.2687312687312687 0.6632173296422129 0.6632118138957221 8.316650129973488e-06
0.2697302697302698 0.6628949449596389 0.6628894318943087 8.316650129951435e-06
0.2707292707292707 0.6625658349752456 0.6625603246470079 8.316650130182187e-06
0.2717282717282717 0.6622300665403861 0.662224559004617 8.316650130193949e-06
0.2727272727272727 0.6618877058418932 0.6618822011534183 8.316650129980109e-06
0.2737262737262737 0.6615388184086844 0.6615333166217843 8.316650130085205e-06
0.2747252747252747 0.6611834691183014 0.661177970286717 8.316650130012925e-06
0.2757242757242757 0.6608217222033854 0.6608162263803236 8.316650129989868e-06
0.2767232767232767 0.6604536412580874 0.6604481484962259 8.316650130046323e-06
0.2777222777222777 0.6600792892444148 0.6600737995959082 8.316650129935731e-06
0.2787212787212787 0.659698728498516 0.6596932420149998 8.316650130064453e-06
0.2797202797202797 0.6593120207368999 0.6593065374694967 8.316650130236441e-06
0.2807192807192807 0.6589192270625969 0.6589137470619214 8.316650130079208e-06
0.2817182817182817 0.6585204079712567 0.65851493128742 8.316650130146419e-06
0.2827172827172827 0.6581156233571849 0.6581101500398001 8.316650130326137e-06
0.2837162837162837 0.6577049325193214 0.6576994626175088 8.316650130100813e-06
0.2847152847152847 0.6572883941671588 0.65728292772955 8.316650129991283e-06
0.2857142857142857 0.6568660664266006 0.6568606035013438 8.316650130133752e-06
0.2867132867132867 0.6564380068457628 0.6564325474805278 8.316650130035947e-06
0.2877122877122877 0.6560042724007176 0.6559988166427002 8.316650130025403e-06
0.2887112887112887 0.6555649195011792 0.6555594673971062 8.316650129994551e-06
0.2897102897102897 0.6551200039961336 0.6551145555922673 8.316650129836222e-06
0.2907092907092907 0.6546695811794127 0.6546641365215552 8.316650130051146e-06
0.2917082917082917 0.654213705795212 0.6542082649287108 8.316650129813203e-06
0.2927072927072927 0.6537524320435553 0.6537469950133064 8.316650129952064e-06
0.2937062937062937 0.6532858135857028 0.6532803804361563 8.316650130001144e-06
0.2947052947052947 0.652813903549507 0.652808474324671 8.316650130165556e-06
0.2957042957042957 0.6523367545347147 0.6523313292781603 8.31665013006559e-06
0.2967032967032967 0.6518544186182175 0.651848997373082 8.316650130200439e-06
0.2977022977022977 0.6513669473592473 0.6513615301682398 8.316650130010226e-06
0.2987012987012987 0.650874391804524 0.6508689787099287 8.316650130194296e-06
0.2997002997002997 0.6503768024933483 0.6503713935370292 8.316650130090299e-06
0.3006993006993007 0.6498742294626467 0.6498688246860518 8.316650129996123e-06
0.3016983016983017 0.6493667222519648 0.6493613216961297 8.316650130083835e-06
0.3026973026973027 0.6488543299084114 0.6488489336139641 8.316650130164715e-06
0.3036963036963037 0.6483371009915534 0.6483317089987181 8.31665013013878e-06
0.3046953046953047 0.6478150835782627 0.6478096959268635 8.316650130104277e-06
0.3056943056943057 0.6472883252675133 0.6472829419969787 8.31665013029684e-06
0.3066933066933067 0.6467568731851325 0.646751494334499 8.316650130170679e-06
0.3076923076923077 0.6462207739885039 0.6462153995964199 8.316650129881043e-06
0.3086913086913087 0.6456800738712241 0.6456747039759537 8.316650130055185e-06
0.3096903096903097 0.6451348185677119 0.6451294532071392 8.316650130014044e-06
0.3106893106893107 0.6445850533577742 0.6445796925694063 8.316650130119142e-06
0.3116883116883117 0.6440308230711236 0.6440254668920951 8.31665013016719e-06
0.3126873126873127 0.643472172091853 0.6434668205589295 8.316650129847443e-06
0.3136863136863137 0.6429091443628658 0.6429037975124469 8.316650129892722e-06
0.3146853146853147 0.64234178339026 0.642336441258384 8.316650129607468e-06
0.3156843156843157 0.6417701322476717 0.6417647948700181 8.316650129573062e-06
0.3166833166833167 0.6411942335805728 0.6411889009924668 8.316650129866256e-06
0.3176823176823177 0.6406141296105272 0.6406088018469431 8.316650129655079e-06
0.3186813186813187 0.6400298621394054 0.6400245392349696 8.316650129394953e-06
0.3196803196803197 0.6394414725535557 0.6394361545425501 8.316650129564947e-06
0.3206793206793207 0.638849001827934 0.6388436887443004 8.316650129223873e-06
0.3216783216783217 0.6382524905301951 0.638247182407537 8.316650129603267e-06
0.3226773226773227 0.6376519788247387 0.6376466756963264 8.316650129537893e-06
0.3236763236763237 0.6370475064767205 0.6370422083754932 8.316650129584721e-06
0.3246753246753247 0.6364391128560188 0.6364338198145885 8.316650129537051e-06
0.3256743256743257 0.6358268369411648 0.6358215489918191 8.31665012941713e-06
0.3266733266733267 0.6352107173232324 0.635205434497938 8.316650129426312e-06
0.3276723276723277 0.6345907922096896 0.6345855145400953 8.316650129720524e-06
0.3286713286713286 0.6339670994282113 0.6339618269456515 8.316650129834651e-06
0.3296703296703297 0.6333396764304551 0.6333344091659531 8.316650129506382e-06
0.3306693306693307 0.632708560295799 0.6327032982800691 8.316650129505415e-06
0.3316683316683317 0.6320737877350417 0.6320685309984931 8.316650129482169e-06
0.3326673326673327 0.6314353950940661 0.6314301436668058 8.316650129320517e-06
0.3336663336663337 0.6307934183574673 0.6307881722693029 8.316650129267124e-06
0.3346653346653347 0.6301478931521435 0.6301426524325864 8.316650129357355e-06
0.3356643356643357 0.6294988547508518 0.6294936194291201 8.316650129190859e-06
0.3366633366633366 0.6288463380757285 0.6288411081807496 8.316650129471684e-06
0.3376623376623377 0.6281903777017738 0.6281851532621879 8.316650129140171e-06
0.3386613386613387 0.6275310078603032 0.6275257889044658 8.316650129033265e-06
0.3396603396603396 0.6268682624423639 0.6268630489983479 8.316650129546797e-06
0.3406593406593407 0.6262021750021156 0.6261969670977159 8.316650129347206e-06
0.3416583416583416 0.6255327787601814 0.625527576422916 8.316650129399901e-06
0.3426573426573427 0.624860106606962 0.6248549098640755 8.31665012938395e-06
0.3436563436563437 0.6241841911059183 0.6241789999843848 8.316650129064363e-06
0.3446553446553446 0.6235050644968216 0.6234998790233465 8.3166501291395e-06
0.3456543456543457 0.6228227586989709 0.6228175788999943 8.316650129064141e-06
0.3466533466533466 0.6221373053143785 0.6221321312160778 8.316650129319955e-06
0.3476523476523476 0.6214487356309242 0.6214435672592166 8.316650129413813e-06
0.3486513486513487 0.6207570806254772 0.6207519180060223 8.316650129440193e-06
0.3496503496503496 0.6200623709669887 0.6200572141251909 8.316650129505816e-06
0.3506493506493507 0.6193646370195518 0.6193594859805631 8.316650129509384e-06
0.3516483516483516 0.6186639088454321 0.6186587636341544 8.316650129638029e-06
0.3526473526473526 0.6179602162080677 0.6179550768491556 8.316650129430284e-06
0.3536463536463537 0.6172535885750406 0.6172484550929033 8.316650129530985e-06
0.3546453546453546 0.6165440551210166 0.6165389275398205 8.31665012985725e-06
0.3556443556443556 0.6158316447306569 0.6158265230743288 8.316650129735247e-06
0.3566433566433567 0.6151163860015018 0.6151112702937303 8.316650129843167e-06
0.3576423576423576 0.6143983072468238 0.614393197511062 8.316650129831351e-06
0.3586413586413587 0.6136774364984536 0.6136723327579219 8.316650129544387e-06
0.3596403596403596 0.6129538015095785 0.6129487037872656 8.316650129708774e-06
0.3606393606393606 0.6122274297575103 0.6122223380761773 8.316650129543104e-06
0.3616383616383617 0.6114983484464298 0.6114932628286109 8.316650129616711e-06
0.3626373626373626 0.6107665845101004 0.6107615049781059 8.316650130003014e-06
0.3636363636363636 0.6100321646145559 0.6100270911904747 8.316650130057929e-06
0.3646353646353646 0.6092951151607631 0.6092900478664645 8.316650129836898e-06
0.3656343656343656 0.6085554622872558 0.6085504011443914 8.316650129698243e-06
0.3666333666333667 0.6078132318727433 0.6078081769027496 8.316650129721359e-06
0.3676323676323676 0.6070684495386938 0.607063400762794 8.316650130035379e-06
0.3686313686313686 0.6063211406518904 0.6063160980910973 8.316650129685789e-06
0.3696303696303696 0.605571330326964 0.605566294002081 8.316650129892949e-06
0.3706293706293706 0.604819043428899 0.6048140133605228 8.316650130176324e-06
0.3716283716283716 0.6040643045755147 0.6040592807840374 8.316650130331443e-06
0.3726273726273726 0.6033071381399229 0.6033021206455339 8.31665013021372e-06
0.3736263736263736 0.6025475682529596 0.6025425570756477 8.316650130073762e-06
0.3746253746253747 0.6017856188055941 0.6017806139651491 8.316650130157605e-06
0.3756243756243756 0.6010213134513123 0.6010163149673275 8.316650130119535e-06
0.3766233766233766 0.6002546756084783 0.6002496835003522 8.316650130280324e-06
0.3776223776223776 0.5994857284626713 0.5994807427496095 8.316650130487883e-06
0.3786213786213786 0.5987144949689991 0.5987095156700164 8.316650130452965e-06
0.3796203796203796 0.5979409978543895 0.5979360249883117 8.316650130459103e-06
0.3806193806193806 0.5971652596198587 0.5971602932053243 8.31665013059106e-06
0.3816183816183816 0.5963873025427561 0.5963823425982187 8.316650130329927e-06
0.3826173826173826 0.5956071486789886 0.595602195222718 8.316650130195726e-06
0.3836163836163836 0.5948248198652208 0.5948198729153052 8.316650130230292e-06
0.3846153846153846 0.5940403377210554 0.5940353972954033 8.3166501301505e-06
0.3856143856143856 0.59325372365119 0.5932487897675317 8.316650130625855e-06
0.3866133866133866 0.5924649988475532 0.5924600715234433 8.316650130443995e-06
0.3876123876123876 0.5916741842914208 0.5916692635442389 8.316650130408848e-06
0.3886113886113886 0.5908813007555085 0.5908763866024613 8.316650130694161e-06
0.3896103896103896 0.5900863688060451 0.5900814612641689 8.316650130621919e-06
0.3906093906093906 0.5892894088048264 0.5892845078909876 8.316650130700014e-06
0.3916083916083916 0.5884904409112454 0.588485546642143 8.316650130715006e-06
0.3926073926073926 0.5876894850843056 0.5876845974764726 8.316650130832232e-06
0.3936063936063936 0.5868865610846127 0.5868816801544176 8.316650131002635e-06
0.3946053946053946 0.5860816884763458 0.5860768142399947 8.316650130743902e-06
0.3956043956043956 0.5852748866292115 0.5852700191027491 8.316650130627247e-06
0.3966033966033966 0.5844661747203758 0.5844613139196874 8.316650130737554e-06
0.3976023976023976 0.5836555717363784 0.5836507176771913 8.316650130832957e-06
0.3986013986013986 0.5828430964750274 0.5828382491729128 8.316650130886991e-06
0.3996003996003996 0.5820287675472758 0.58202392701765 8.316650130872517e-06
0.4005994005994006 0.5812126033790788 0.5812077696372047 8.316650131117179e-06
0.4015984015984016 0.5803946222132316 0.5803897952742206 8.316650131131848e-06
0.4025974025974026 0.5795748421111919 0.5795700219900053 8.316650131111162e-06
0.4035964035964036 0.5787532809548814 0.5787484676663314 8.316650131336995e-06
0.4045954045954046 0.5779299564484701 0.577925150007222 8.316650131192882e-06
0.4055944055944056 0.5771048861201442 0.5771000865407173 8.316650131248293e-06
0.4065934065934066 0.5762780873238544 0.5762732946206239 8.316650131122694e-06
0.4075924075924076 0.5754495772410489 0.575444791428247 8.316650130997128e-06
0.4085914085914086 0.5746193728823874 0.5746145939741045 8.316650131207041e-06
0.4095904095904096 0.5737874910894383 0.5737827190996253 8.316650131057857e-06
0.4105894105894106 0.5729539485363611 0.5729491834788299 8.316650130924566e-06
0.4115884115884116 0.5721187617315692 0.5721140036199944 8.316650131071013e-06
0.4125874125874126 0.5712819470193774 0.5712771958672981 8.316650130653417e-06
0.4135864135864136 0.5704435205816345 0.5704387764024544 8.316650130802429e-06
0.4145854145854146 0.5696034984393361 0.5695987612463264 8.316650130715881e-06
0.4155844155844156 0.5687618964542255 0.5687571662605252 8.316650130353921e-06
0.4165834165834166 0.5679187303303759 0.5679140071489932 8.316650130421469e-06
0.4175824175824176 0.5670740156157569 0.567069299459571 8.316650130392981e-06
0.4185814185814186 0.5662277677037878 0.5662230585855498 8.316650130245127e-06
0.4195804195804196 0.5653800018348729 0.5653752997672069 8.316650130437949e-06
0.4205794205794206 0.5645307330979225 0.5645260380933274 8.316650130519459e-06
0.4215784215784216 0.5636799764318589 0.5636752885027094 8.316650130278291e-06
0.4225774225774226 0.5628277466271076 0.5628230657856554 8.316650129920757e-06
0.4235764235764236 0.5619740583270735 0.5619693845854481 8.316650130249704e-06
0.4245754245754246 0.5611189260296011 0.5611142593998119 8.316650130273128e-06
0.4255744255744256 0.5602623640884233 0.56025770458236 8.316650130339547e-06
0.4265734265734266 0.5594043867145925 0.5593997343440267 8.316650130539261e-06
0.4275724275724276 0.5585450079778991 0.5585403627544856 8.31665013048247e-06
0.4285714285714285 0.5576842418082764 0.5576796037435539 8.316650130668177e-06
0.4295704295704296 0.55682210199719 0.5568174711025826 8.316650130675831e-06
0.4305694305694306 0.5559586021990145 0.5559539784858329 8.316650130535464e-06
0.4315684315684316 0.5550937559323968 0.5550891394118388 8.316650131110791e-06
0.4325674325674326 0.5542275765816037 0.5542229672647565 8.31665013068007e-06
0.4335664335664335 0.5533600773978596 0.5533554752956997 8.316650130513479e-06
0.4345654345654346 0.552491271500668 0.5524866766240626 8.316650130857745e-06
0.4355644355644356 0.5516211718791202 0.551616584238829 8.31665013070709e-06
0.4365634365634365 0.5507497913931932 0.5507452109998685 8.316650130999084e-06
0.4375624375624376 0.5498771427750317 0.5498725696392204 8.316650130774482e-06
0.4385614385614386 0.5490032386302197 0.5489986727623635 8.316650130580701e-06
0.4395604395604396 0.5481280914390384 0.548123532849475 8.316650130844365e-06
0.4405594405594406 0.5472517135577109 0.5472471622566757 8.316650130837074e-06
0.4415584415584415 0.5463741172196364 0.5463695732172629 8.316650130882522e-06
0.4425574425574426 0.545495314536611 0.5454907778429319 8.316650131125204e-06
0.4435564435564436 0.5446153175000359 0.5446107881249842 8.316650131102802e-06
0.4445554445554445 0.5437341379821145 0.5437296159355246 8.316650130948079e-06
0.4455544455544456 0.5428517877370372 0.5428472730286457 8.316650130966514e-06
0.4465534465534465 0.5419682784021549 0.5419637710416012 8.316650131210014e-06
0.4475524475524476 0.5410836214991392 0.5410791214959676 8.316650131046633e-06
0.4485514485514486 0.540197828435134 0.5401933357987934 8.316650130986945e-06
0.4495504495504495 0.5393109105038926 0.5393064252437381 8.316650131028995e-06
0.4505494505494506 0.538422878886905 0.5384184010121988 8.316650130842885e-06
0.4515484515484515 0.537533744654515 0.5375292741744271 8.316650130990016e-06
0.4525474525474525 0.536643518767023 0.5366390556906325 8.316650130637667e-06
0.4535464535464536 0.5357522120757819 0.5357477564120774 8.316650130638811e-06
0.4545454545454545 0.5348598353242791 0.5348553870821595 8.316650131038454e-06
0.4555444555444556 0.5339663991492078 0.5339619583374845 8.316650130842292e-06
0.4565434565434565 0.5330719140815308 0.5330674807089268 8.316650130698896e-06
0.4575424575424575 0.5321763905475294 0.5321719646226813 8.316650130810914e-06
0.4585414585414586 0.5312798388698451 0.5312754204013037 8.316650130706067e-06
0.4595404595404595 0.5303822692685096 0.5303778582647405 8.316650130889866e-06
0.4605394605394605 0.5294836918619644 0.5294792883313493 8.3166501307411e-06
0.4615384615384616 0.528584116668071 0.528579720618908 8.316650130796767e-06
0.4625374625374625 0.5276835536051109 0.5276791650456157 8.316650130852622e-06
0.4635364635364635 0.5267820124927745 0.5267776314310814 8.316650130784253e-06
0.4645354645354645 0.5258795030531421 0.5258751294973044 8.316650130532254e-06
0.4655344655344655 0.5249760349116543 0.524971668869645 8.316650130721852e-06
0.4665334665334666 0.5240716175980716 0.5240672590777845 8.31665013095881e-06
0.4675324675324675 0.5231662605474261 0.5231619095566767 8.316650131078771e-06
0.4685314685314685 0.5222599731009632 0.5222556296474895 8.316650130921666e-06
0.4695304695304695 0.5213527645070739 0.5213484285985365 8.316650131381626e-06
0.4705294705294705 0.5204446439222172 0.5204403155662011 8.316650131201613e-06
0.4715284715284715 0.5195356204118348 0.5195312996158492 8.316650131000182e-06
0.4725274725274725 0.5186257029512554 0.5186213897227349 8.316650131346766e-06
0.4735264735264735 0.5177149004265901 0.5177105947728955 8.316650131245771e-06
0.4745254745254745 0.51680322163562 0.516798923564039 8.316650131116017e-06
0.4755244755244755 0.5158906752886735 0.5158863848064213 8.316650130852268e-06
0.4765234765234765 0.5149772700094962 0.5149729871237163 8.316650130668879e-06
0.4775224775224775 0.5140630143361115 0.5140587390538759 8.316650131088712e-06
0.4785214785214785 0.5131479167216716 0.5131436490499828 8.316650130984903e-06
0.4795204795204795 0.5122319855353028 0.5122277254810934 8.316650130586786e-06
0.4805194805194805 0.5113152290629401 0.5113109766330736 8.316650130609939e-06
0.4815184815184815 0.5103976555081534 0.510393410709425 8.316650130724441e-06
0.4825174825174825 0.5094792729929675 0.509475035832105 8.316650131057469e-06
0.4835164835164835 0.5085600895586713 0.5085558600423358 8.316650131092661e-06
0.4845154845154845 0.5076401131666216 0.507635891301408 8.316650130963329e-06
0.4855144855144855 0.5067193516990375 0.5067151374914746 8.316650131445317e-06
0.4865134865134865 0.5057978129597854 0.5057936064163377 8.316650131535451e-06
0.4875124875124875 0.5048755046751603 0.5048713058022281 8.316650131281148e-06
0.4885114885114885 0.5039524344946554 0.5039482432985748 8.316650131557005e-06
0.4895104895104895 0.5030286099917256 0.5030244264787701 8.316650131631996e-06
0.4905094905094905 0.5021040386645435 0.5020998628409243 8.316650131353317e-06
0.4915084915084915 0.5011787279367481 0.5011745598086146 8.316650131360815e-06
0.4925074925074925 0.5002526851581856 0.5002485247316257 8.316650131528477e-06
0.4935064935064935 0.4993259176056419 0.4993217648866836 8.316650131389819e-06
0.4945054945054945 0.4983984324835702 0.4983942874781814 8.316650131124989e-06
0.4955044955044955 0.4974702369248097 0.4974660996388985 8.316650131220021e-06
0.4965034965034965 0.4965413379912965 0.4965372084307128 8.316650131228029e-06
0.4975024975024975 0.4956117426747698 0.4956076208453049 8.316650131428703e-06
0.4985014985014985 0.4946814578974683 0.4946773438048566 8.316650131252398e-06
0.4995004995004995 0.4937504905128224 0.4937463841627406 8.316650131284179e-06
0.5004995004995005 0.4928188473061372 0.4928147487042061 8.316650131348296e-06
0.5014985014985015 0.49188653499527 0.4918824441470542 8.31665013127953e-06
0.5024975024975025 0.4909535602313008 0.4909494771423096 8.316650131477256e-06
0.5034965034965035 0.4900199295991957 0.4900158542748839 8.316650131313591e-06
0.5044955044955045 0.4890856496184652 0.489081582064233 8.316650131382402e-06
0.5054945054945055 0.4881507267438133 0.4881466669650075 8.316650131566732e-06
0.5064935064935064 0.4872151673657829 0.4872111153676971 8.316650131590657e-06
0.5074925074925075 0.4862789778113927 0.486274933599268 8.316650131463468e-06
0.5084915084915085 0.4853421643447698 0.4853381279237949 8.316650131585975e-06
0.5094905094905094 0.4844047331677734 0.4844007045430857 8.316650131368401e-06
0.5104895104895105 0.4834666904206151 0.4834626695973007 8.316650131391694e-06
0.5114885114885115 0.4825280421824708 0.4825240291655652 8.316650131567662e-06
0.5124875124875125 0.4815887944720876 0.4815847892665767 8.316650131583051e-06
0.5134865134865135 0.4806489532483849 0.4806449558592047 8.316650131348917e-06
0.5144855144855145 0.4797085244110487 0.4797045348430861 8.316650131339659e-06
0.5154845154845155 0.4787675138011204 0.4787635320592139 8.316650131196982e-06
0.5164835164835165 0.4778259272015798 0.4778219532905197 8.316650131105643e-06
0.5174825174825175 0.4768837703379227 0.4768798042624515 8.316650131206726e-06
0.5184815184815185 0.4759410488787313 0.4759370906435447 8.316650131237324e-06
0.5194805194805194 0.4749977684362409 0.4749938180459877 8.316650131334691e-06
0.5204795204795205 0.4740539345668993 0.4740499920261823 8.316650130976497e-06
0.5214785214785215 0.4731095527719224 0.4731056180852983 8.316650131076486e-06
0.5224775224775224 0.4721646284978417 0.4721607016698222 8.316650131167566e-06
0.5234765234765235 0.4712191671370491 0.4712152481721009 8.316650131145406e-06
0.5244755244755245 0.4702731740283345 0.47026926293088 8.31665013114453e-06
0.5254745254745254 0.4693266544574188 0.4693227512318363 8.316650131413002e-06
0.5264735264735265 0.4683796136574811 0.4683757183081058 8.316650131000523e-06
0.5274725274725275 0.4674320568096821 0.4674281693408055 8.316650131180944e-06
0.5284715284715285 0.4664839890436793 0.4664801094595507 8.316650131181715e-06
0.5294705294705294 0.4655354154381408 0.4655315437429668 8.316650131373381e-06
0.5304695304695305 0.4645863410212505 0.4645824772191965 8.316650131121481e-06
0.5314685314685315 0.4636367707712117 0.4636329148664012 8.316650131281555e-06
0.5324675324675324 0.4626867096167423 0.4626828616132581 8.316650131206133e-06
0.5334665334665335 0.4617361624375677 0.4617323223394519 8.316650131004632e-06
0.5344655344655345 0.4607851340649076 0.4607813018761619 8.316650131301438e-06
0.5354645354645354 0.4598336292819576 0.4598298050065442 8.316650131421706e-06
0.5364635364635365 0.4588816528243674 0.4588778364662092 8.316650131304775e-06
0.5374625374625375 0.4579292093807128 0.4579254009436935 8.316650131259508e-06
0.5384615384615384 0.4569763035929642 0.4569725030809288 8.31665013135226e-06
0.5394605394605395 0.456022940056949 0.4560191474737047 8.316650131274177e-06
0.5404595404595405 0.4550691233228115 0.4550653386721272 8.316650131426721e-06
0.5414585414585414 0.4541148578954657 0.454111081181073 8.316650131576183e-06
0.5424575424575424 0.4531601482350457 0.4531563794606393 8.316650131573732e-06
0.5434565434565435 0.4522049987573507 0.4522012379265885 8.316650131102604e-06
0.5444555444555444 0.4512494138342858 0.4512456609507891 8.316650131144389e-06
0.5454545454545454 0.4502933977942979 0.450289652861652 8.316650131272669e-06
0.5464535464535465 0.4493369549228079 0.4493332179445628 8.316650131112505e-06
0.5474525474525475 0.4483800894626388 0.4483763604423089 8.316650131323486e-06
0.5484515484515484 0.4474228056144384 0.4474190845555033 8.316650131369692e-06
0.5494505494505495 0.4464651075370988 0.4464613944430036 8.316650131115416e-06
0.5504495504495505 0.4455069993481722 0.4455032942223276 8.316650131320113e-06
0.5514485514485514 0.4445484851242807 0.4445447879700634 8.316650131517579e-06
0.5524475524475524 0.4435895689015237 0.443585879722277 8.316650131747036e-06
0.5534465534465535 0.4426302546758806 0.4426265734749147 8.316650131673162e-06
0.5544455544455544 0.4416705464036099 0.441666873184202 8.316650131705661e-06
0.5554445554445554 0.4407104480016436 0.4407067827670382 8.3166501316144e-06
0.5564435564435565 0.4397499633479784 0.4397463061013879 8.316650131524883e-06
0.5574425574425574 0.4387890962820629 0.4387854470266675 8.3166501316618e-06
0.5584415584415584 0.4378278506051799 0.4378242093441285 8.316650131708889e-06
0.5594405594405595 0.4368662300808269 0.4368625968172369 8.316650131685247e-06
0.5604395604395604 0.435904238435091 0.435900613172049 8.316650131559796e-06
0.5614385614385614 0.4349418793570211 0.4349382620975829 8.316650131626522e-06
0.5624375624375625 0.4339791564989958 0.4339755472461869 8.316650131477724e-06
0.5634365634365635 0.4330160734770883 0.4330124722339038 8.31665013165576e-06
0.5644355644355644 0.4320526338714267 0.4320490406408322 8.316650131857952e-06
0.5654345654345654 0.4310888412265517 0.4310852560114835 8.316650131950392e-06
0.5664335664335665 0.4301246990517703 0.4301211218551354 8.316650131446773e-06
0.5674325674325674 0.4291602108215065 0.4291566416461827 8.316650131696536e-06
0.5684315684315684 0.4281953799756469 0.4281918188244836 8.316650131620737e-06
0.5694305694305695 0.4272302099198849 0.4272266567957034 8.316650131445967e-06
0.5704295704295704 0.4262647040260605 0.4262611589316537 8.316650131540457e-06
0.5714285714285714 0.4252988656324967 0.4252953285706298 8.316650131625978e-06
0.5724275724275725 0.4243326980443322 0.4243291690177432 8.316650131418061e-06
0.5734265734265734 0.4233662045338524 0.4233626835452518 8.31665013153724e-06
0.5744255744255744 0.4223993883408149 0.4223958753928863 8.316650131410326e-06
0.5754245754245755 0.421432252672773 0.4214287477681735 8.316650131226103e-06
0.5764235764235764 0.4204648007053966 0.4204613038467566 8.316650131277651e-06
0.5774225774225774 0.4194970355827881 0.419493546772712 8.316650131427963e-06
0.5784215784215784 0.4185289604177967 0.4185254796588631 8.316650131363996e-06
0.5794205794205795 0.4175605782923293 0.4175571055870911 8.31665013112021e-06
0.5804195804195804 0.4165918922576577 0.4165884276086423 8.316650131342964e-06
0.5814185814185814 0.415622905334723 0.4156194487444328 8.31665013128815e-06
0.5824175824175825 0.4146536205144374 0.41465017198535 8.316650131208605e-06
0.5834165834165834 0.4136840407579828 0.413680600292551 8.316650131017924e-06
0.5844155844155844 0.412714168997106 0.4127107365977583 8.31665013122203e-06
0.5854145854145855 0.4117440081344113 0.4117405838035521 8.316650130897971e-06
0.5864135864135864 0.4107735610436506 0.4107701447836603 8.316650131184735e-06
0.5874125874125874 0.4098028305700097 0.409799422383245 8.316650131509049e-06
0.5884115884115884 0.4088318195303925 0.4088284194191869 8.316650131595956e-06
0.5894105894105894 0.407860530713702 0.4078571386803657 8.316650131330533e-06
0.5904095904095904 0.4068889668811192 0.4068855829279394 8.316650131299818e-06
0.5914085914085914 0.4059171307663776 0.4059137548956187 8.316650131428029e-06
0.5924075924075924 0.404945025076037 0.404941657289941 8.316650131237165e-06
0.5934065934065934 0.4039726524897531 0.4039692927905397 8.316650131485564e-06
0.5944055944055944 0.4030000156605452 0.402996664050412 8.316650131560154e-06
0.5954045954045954 0.4020271172150605 0.4020237736961834 8.316650131111323e-06
0.5964035964035964 0.4010539597538374 0.4010506243283704 8.316650131296379e-06
0.5974025974025974 0.4000805458515634 0.4000772185216392 8.316650131323762e-06
0.5984015984015985 0.3991068780573331 0.3991035588250634 8.316650131066589e-06
0.5994005994005994 0.3981329588949029 0.398129647762378 8.31665013120489e-06
0.6003996003996004 0.3971587908629417 0.3971554878322315 8.316650131273447e-06
0.6013986013986014 0.3961843764352812 0.396181081508435 8.316650131183746e-06
0.6023976023976024 0.3952097180611626 0.3952064312402092 8.316650130942482e-06
0.6033966033966034 0.3942348181654812 0.3942315394524291 8.316650130929211e-06
0.6043956043956044 0.3932596791490276 0.3932564085458654 8.31665013119007e-06
0.6053946053946054 0.3922843033887281 0.3922810408974249 8.31665013114554e-06
0.6063936063936064 0.3913086932378819 0.3913054388603871 8.316650130854337e-06
0.6073926073926074 0.3903328510263959 0.3903296047646392 8.316650131158606e-06
0.6083916083916084 0.3893567790610163 0.3893535409169088 8.316650130837357e-06
0.6093906093906094 0.3883804796255605 0.3883772496009938 8.316650130863478e-06
0.6103896103896104 0.3874039549811437 0.3874007330779908 8.316650130987543e-06
0.6113886113886113 0.386427207366405 0.3864239935865201 8.316650131297679e-06
0.6123876123876124 0.3854502389977305 0.3854470333429499 8.316650130778871e-06
0.6133866133866134 0.3844730520694758 0.3844698545416169 8.31665013104807e-06
0.6143856143856143 0.383495648754183 0.3834924593550454 8.316650131172008e-06
0.6153846153846154 0.3825180312027988 0.3825148499341645 8.316650130967636e-06
0.6163836163836164 0.3815402015448892 0.381537028408522 8.316650131152558e-06
0.6173826173826173 0.3805621618888514 0.3805589968864979 8.31665013116398e-06
0.6183816183816184 0.3795839143221246 0.379580757455514 8.316650130746242e-06
0.6193806193806194 0.3786054609113987 0.3786023121822427 8.316650130829937e-06
0.6203796203796204 0.3776268037028194 0.377623663112813 8.316650130749755e-06
0.6213786213786214 0.3766479447221937 0.376644812273015 8.316650130577335e-06
0.6223776223776224 0.3756688859751913 0.3756657616685017 8.316650130683087e-06
0.6233766233766234 0.3746896294475451 0.3746865132849894 8.31665013069861e-06
0.6243756243756243 0.3737101771052491 0.3737070690884559 8.316650130393823e-06
0.6253746253746254 0.3727305308947549 0.3727274310253366 8.31665013027014e-06
0.6263736263736264 0.371750692743166 0.3717476010227186 8.316650130520484e-06
0.6273726273726273 0.3707706645584296 0.3707675809885337 8.316650130571766e-06
0.6283716283716284 0.3697904482295274 0.3697873728117479 8.316650130421472e-06
0.6293706293706294 0.3688100456266646 0.3688069783625506 8.316650130339961e-06
0.6303696303696303 0.3678294586014557 0.3678263994925408 8.316650130568056e-06
0.6313686313686314 0.3668486889871093 0.3668456380349122 8.316650130253243e-06
0.6323676323676324 0.365867738598612 0.3658646958046361 8.31665013046532e-06
0.6333666333666333 0.3648866092329088 0.3648835745986425 8.316650130566952e-06
0.6343656343656343 0.3639053026690822 0.3639022761959992 8.316650130779774e-06
0.6353646353646354 0.3629238206685302 0.3629208023580898 8.316650130203527e-06
0.6363636363636364 0.3619421649751428 0.3619391548287892 8.316650130477666e-06
0.6373626373626373 0.3609603373154743 0.3609573353346378 8.316650130583145e-06
0.6383616383616384 0.3599783393989168 0.3599753455850135 8.316650130348929e-06
0.6393606393606394 0.3589961729178709 0.3589931872723026 8.316650130459628e-06
0.6403596403596403 0.3580138395479141 0.3580108620720687 8.31665013060269e-06
0.6413586413586414 0.3570313409479678 0.3570283716432197 8.316650130072705e-06
0.6423576423576424 0.3560486787604643 0.3560457176281736 8.316650130412543e-06
0.6433566433566433 0.3550658546115085 0.3550629016530224 8.316650130437774e-06
0.6443556443556444 0.3540828701110418 0.354079925327694 8.316650130271115e-06
0.6453546453546454 0.3530997268530028 0.3530967902461135 8.316650130413569e-06
0.6463536463536463 0.3521164264154854 0.3521134979863617 8.316650130484768e-06
0.6473526473526473 0.3511329703608966 0.3511300501108329 8.316650130155443e-06
0.6483516483516484 0.3501493602361133 0.3501464481663909 8.316650130095642e-06
0.6493506493506493 0.3491655975726357 0.3491626936845231 8.316650130236338e-06
0.6503496503496503 0.3481816838867404 0.3481787881814936 8.316650130552488e-06
0.6513486513486514 0.3471976206796317 0.3471947331584944 8.316650130580387e-06
0.6523476523476524 0.3462134094375919 0.3462105301017951 8.316650130369849e-06
0.6533466533466533 0.3452290516321289 0.3452261804828916 8.316650130648762e-06
0.6543456543456544 0.3442445487201235 0.3442416857586525 8.316650130410407e-06
0.6553446553446554 0.3432599021439749 0.343257047371465 8.316650130442834e-06
0.6563436563436563 0.3422751133317441 0.3422722667493781 8.316650130756279e-06
0.6573426573426573 0.341290183697297 0.341287345306246 8.316650130893747e-06
0.6583416583416584 0.3403051146404449 0.3403022844418689 8.316650130247068e-06
0.6593406593406593 0.3393199075470856 0.3393170855421322 8.316650130505169e-06
0.6603396603396603 0.3383345637893397 0.3383317499791456 8.316650130762017e-06
0.6613386613386614 0.3373490847256887 0.3373462791113792 8.316650130437237e-06
0.6623376623376623 0.3363634717011109 0.3363606742838001 8.316650130432755e-06
0.6633366633366633 0.3353777260472146 0.3353749368280055 8.316650130668496e-06
0.6643356643356644 0.3343918490823716 0.3343890680623565 8.316650130064602e-06
0.6653346653346653 0.3334058421118495 0.3334030692921093 8.316650130186282e-06
0.6663336663336663 0.3324197064279401 0.3324169418095453 8.31665013027008e-06
0.6673326673326674 0.33143344331009 0.3314306868941006 8.316650130033284e-06
0.6683316683316683 0.3304470540250279 0.330444305812493 8.316650130349815e-06
0.6693306693306693 0.3294605398268904 0.3294577998188489 8.316650130400039e-06
0.6703296703296703 0.328473901957348 0.3284711701548286 8.3166501301771e-06
0.6713286713286714 0.3274871416457286 0.3274844180497495 8.316650129817993e-06
0.6723276723276723 0.3265002601091402 0.3264975447207095 8.316650129942653e-06
0.6733266733266733 0.3255132585525923 0.3255105513727082 8.316650130123367e-06
0.6743256743256744 0.3245261381691164 0.3245234391987672 8.316650129721034e-06
0.6753246753246753 0.3235389001398848 0.3235362093800491 8.3166501295946e-06
0.6763236763236763 0.3225515456343291 0.3225488630859753 8.316650129711567e-06
0.6773226773226774 0.3215640758102557 0.321561401474343 8.316650129476549e-06
0.6783216783216783 0.3205764918139627 0.3205738256914404 8.316650129797504e-06
0.6793206793206793 0.3195887947803533 0.3195861368721616 8.316650129979497e-06
0.6803196803196803 0.3186009858330495 0.3185983361401192 8.316650130136151e-06
0.6813186813186813 0.3176130660845042 0.317610424607757 8.316650129801093e-06
0.6823176823176823 0.3166250366361127 0.3166224033764606 8.316650130019818e-06
0.6833166833166833 0.3156368985783213 0.3156342735366677 8.316650130204827e-06
0.6843156843156843 0.3146486529907375 0.3146460361679767 8.316650129871318e-06
0.6853146853146853 0.3136603009422371 0.3136576923392544 8.316650130228742e-06
0.6863136863136863 0.312671843491071 0.312669243108743 8.316650130476467e-06
0.6873126873126874 0.3116832816849703 0.3116806895241652 8.316650129906297e-06
0.6883116883116883 0.3106946165612525 0.3106920326228292 8.31665013022379e-06
0.6893106893106893 0.3097058491469228 0.3097032734317322 8.316650130386151e-06
0.6903096903096904 0.3087169804587781 0.3087144129676623 8.316650130331483e-06
0.6913086913086913 0.3077280115035081 0.3077254522373011 8.316650130450637e-06
0.6923076923076923 0.3067389432777957 0.306736392237323 8.316650130686934e-06
0.6933066933066933 0.3057497767684162 0.3057472339544953 8.316650130707783e-06
0.6943056943056943 0.3047605129523366 0.3047579783657767 8.316650130626088e-06
0.6953046953046953 0.3037711527968123 0.3037686264384146 8.316650131004837e-06
0.6963036963036963 0.3027816972594838 0.3027791791300415 8.316650131211783e-06
0.6973026973026973 0.3017921472884725 0.3017896373887712 8.316650131052649e-06
0.6983016983016983 0.3008025038224754 0.3008000021532927 8.316650130591172e-06
0.6993006993006993 0.2998127677908584 0.2998102743529639 8.316650130891371e-06
0.7002997002997003 0.298822940113749 0.298820454907905 8.316650130873527e-06
0.7012987012987013 0.2978330217021291 0.2978305447290901 8.316650131190019e-06
0.7022977022977023 0.2968430134579245 0.2968405447184376 8.316650131446612e-06
0.7032967032967032 0.2958529162740958 0.2958504557689007 8.316650131683446e-06
0.7042957042957043 0.2948627310347272 0.2948602787645564 8.316650131250257e-06
0.7052947052947053 0.2938724586151155 0.2938700145806939 8.31665013162565e-06
0.7062937062937062 0.2928820998818562 0.2928796640839015 8.316650131901842e-06
0.7072927072927073 0.2918916556929304 0.2918892281321536 8.316650131784513e-06
0.7082917082917083 0.2909011268977914 0.290898707574896 8.316650131982449e-06
0.7092907092907093 0.2899105143374481 0.2899081032531307 8.316650132116028e-06
0.7102897102897103 0.2889198188445495 0.2889174159995 8.316650131656792e-06
0.7112887112887113 0.2879290412434685 0.2879266466383696 8.316650131850419e-06
0.7122877122877123 0.2869381823503828 0.2869357959859106 8.316650132262715e-06
0.7132867132867133 0.2859472429733573 0.2859448648501813 8.316650131912916e-06
0.7142857142857143 0.2849562239124247 0.2849538540312074 8.316650132183889e-06
0.7152847152847153 0.2839651259596649 0.2839627643210625 8.316650132364901e-06
0.7162837162837162 0.2829739498992843 0.2829715965039464 8.316650132359009e-06
0.7172827172827173 0.2819826965076943 0.2819803513562641 8.316650132100945e-06
0.7182817182817183 0.2809913665535885 0.2809890296467027 8.316650132345613e-06
0.7192807192807192 0.2799999607980194 0.2799976321363083 8.316650132499534e-06
0.7202797202797203 0.2790084799944741 0.2790061595785621 8.316650132385254e-06
0.7212787212787213 0.2780169248889506 0.2780146127194554 8.3166501322465e-06
0.7222777222777222 0.2770252962200309 0.2770229922975644 8.316650132352728e-06
0.7232767232767233 0.2760335947189553 0.2760312990441233 8.316650131991859e-06
0.7242757242757243 0.2750418211096957 0.2750395336830979 8.316650132074113e-06
0.7252747252747253 0.2740499761090273 0.2740476969312572 8.316650132323385e-06
0.7262737262737263 0.2730580604266001 0.2730557894982458 8.316650132066678e-06
0.7272727272727273 0.2720660747650104 0.2720638120866539 8.316650131652953e-06
0.7282717282717283 0.2710740198198707 0.271071765392088 8.31665013185533e-06
0.7292707292707292 0.2700818962798782 0.2700796501032399 8.316650132026942e-06
0.7302697302697303 0.2690897048268847 0.2690874669019556 8.316650131929255e-06
0.7312687312687313 0.2680974461359643 0.2680952164633035 8.316650131944566e-06
0.7322677322677322 0.2671051208754804 0.2671028994556415 8.316650132254136e-06
0.7332667332667333 0.2661127297071526 0.266110516540684 8.316650131580781e-06
0.7342657342657343 0.2651202732861234 0.2651180683735677 8.316650131556449e-06
0.7352647352647352 0.2641277522610226 0.264125555602917 8.31665013173085e-06
0.7362637362637363 0.2631351672740322 0.2631329788709088 8.316650131428764e-06
0.7372627372627373 0.2621425189609514 0.2621403388133366 8.3166501314378e-06
0.7382617382617382 0.2611498079512586 0.2611476360596739 8.316650131696006e-06
0.7392607392607392 0.2601570348681756 0.2601548712331374 8.316650131273633e-06
0.7402597402597403 0.2591642003287289 0.2591620449507483 8.31665013092483e-06
0.7412587412587412 0.258171304943812 0.2581691578233948 8.316650131397906e-06
0.7422577422577422 0.2571783493182452 0.2571762104558926 8.316650131274799e-06
0.7432567432567433 0.2561853340508374 0.2561832034470454 8.316650131044085e-06
0.7442557442557443 0.2551922597344449 0.2551901373897046 8.31665013074336e-06
0.7452547452547452 0.254199126956031 0.2541970128708285 8.316650131040355e-06
0.7462537462537463 0.2532059362967241 0.2532038304715409 8.316650130831836e-06
0.7472527472527473 0.2522126883318764 0.252210590767189 8.316650130948427e-06
0.7482517482517482 0.2512193836311207 0.2512172943274009 8.316650131318399e-06
0.7492507492507493 0.2502260227584275 0.2502239417161425 8.316650131169702e-06
0.7502497502497503 0.2492326062721613 0.2492305334917738 8.316650130907317e-06
0.7512487512487512 0.2482391347251366 0.2482370702071043 8.316650131016847e-06
0.7522477522477522 0.2472456086646724 0.2472435524094486 8.316650131166214e-06
0.7532467532467533 0.2462520286326471 0.2462499806406809 8.316650130976301e-06
0.7542457542457542 0.2452583951655531 0.2452563554372889 8.316650131036669e-06
0.7552447552447552 0.2442647087945498 0.2442626773304273 8.31665013110539e-06
0.7562437562437563 0.2432709700455162 0.2432689468459714 8.316650130432533e-06
0.7572427572427572 0.2422771794391049 0.2422751645045688 8.316650130726504e-06
0.7582417582417582 0.2412833374907922 0.2412813308216919 8.31665013091141e-06
0.7592407592407593 0.2402894447109308 0.2402874463076891 8.316650130763945e-06
0.7602397602397603 0.2392955016048005 0.2392935114678357 8.316650130929336e-06
0.7612387612387612 0.238301508672658 0.2382995268023846 8.316650131190614e-06
0.7622377622377622 0.2373074664097877 0.2373054928066161 8.316650131033611e-06
0.7632367632367633 0.2363133753065506 0.2363114099708869 8.316650130813476e-06
0.7642357642357642 0.2353192358484335 0.2353172787806799 8.316650130945684e-06
0.7652347652347652 0.2343250485160973 0.2343230997166518 8.316650131194898e-06
0.7662337662337663 0.2333308137854246 0.2333288732546816 8.316650130897305e-06
0.7672327672327672 0.2323365321275683 0.2323345998659179 8.316650131100066e-06
0.7682317682317682 0.2313422040089973 0.231340280016826 8.316650130997119e-06
0.7692307692307693 0.2303478298915439 0.2303459141692344 8.316650130538368e-06
0.7702297702297702 0.2293534102324499 0.2293515027803807 8.316650130686417e-06
0.7712287712287712 0.2283589454844116 0.2283570463029578 8.316650131006116e-06
0.7722277722277723 0.2273644360956255 0.2273625451851583 8.316650130731e-06
0.7732267732267732 0.2263698825098329 0.22636799987072 8.316650130470924e-06
0.7742257742257742 0.2253752851663645 0.2253734107989696 8.316650130762964e-06
0.7752247752247752 0.2243806445001834 0.2243787784048669 8.316650130954917e-06
0.7762237762237763 0.2233859609419293 0.223384103119048 8.316650130792424e-06
0.7772227772227772 0.2223912349179613 0.2223893853678683 8.316650131050289e-06
0.7782217782217782 0.2213964668504004 0.2213946255734453 8.316650131422789e-06
0.7792207792207793 0.2204016571571712 0.2203998241537004 8.31665013062364e-06
0.7802197802197802 0.2194068062520446 0.2194049815224007 8.316650130789742e-06
0.7812187812187812 0.2184119145446782 0.2184100980892005 8.316650131203665e-06
0.7822177822177823 0.2174169824406574 0.2174151742596819 8.316650130907637e-06
0.7832167832167832 0.2164220103415361 0.2164202104353954 8.316650131133148e-06
0.7842157842157842 0.2154269986448767 0.2154252070139001 8.316650131484781e-06
0.7852147852147852 0.2144319477442894 0.2144301643888031 8.31665013119531e-06
0.7862137862137862 0.2134368580294723 0.213435082949799 8.316650131066098e-06
0.7872127872127872 0.2124417298862495 0.2124399630827087 8.316650131411916e-06
0.7882117882117882 0.2114465636966099 0.2114448051695182 8.316650131522937e-06
0.7892107892107892 0.2104513598387454 0.2104496095884159 8.31665013122161e-06
0.7902097902097902 0.2094561186870885 0.2094543767138315 8.316650131536367e-06
0.7912087912087912 0.2084608406123497 0.2084591069164722 8.31665013126718e-06
0.7922077922077922 0.2074655259815547 0.2074638005633609 8.316650130944095e-06
0.7932067932067932 0.2064701751580809 0.2064684580178716 8.316650131119914e-06
0.7942057942057942 0.2054747885016933 0.2054730796397665 8.316650131423714e-06
0.7952047952047953 0.204479366368581 0.2044776657852318 8.316650131215588e-06
0.7962037962037962 0.2034839091113924 0.203482216806913 8.316650131079021e-06
0.7972027972027972 0.2024884170792706 0.2024867330539501 8.316650131341735e-06
0.7982017982017982 0.2014928906178879 0.2014912148720126 8.316650131792431e-06
0.7992007992007992 0.2004973300694807 0.2004956626033342 8.316650131389111e-06
0.8001998001998002 0.1995017357728835 0.1995000765867464 8.3166501315759e-06
0.8011988011988012 0.1985061080635624 0.1985044571577126 8.316650131869678e-06
0.8021978021978022 0.1975104472736491 0.1975088046483619 8.316650131074843e-06
0.8031968031968032 0.1965147537319741 0.1965131193875217 8.316650131359751e-06
0.8041958041958042 0.1955190277640987 0.1955174017007507 8.316650131668996e-06
0.8051948051948052 0.1945232696923483 0.1945216519103719 8.316650131206599e-06
0.8061938061938062 0.1935274798358443 0.1935258703355037 8.316650131449162e-06
0.8071928071928072 0.1925316585105359 0.1925300572920928 8.316650131734299e-06
0.8081918081918081 0.1915358060292316 0.1915342130929451 8.316650131667129e-06
0.8091908091908092 0.1905399227016306 0.1905383380477574 8.316650131417229e-06
0.8101898101898102 0.1895440088343538 0.1895424324631478 8.316650131585677e-06
0.8111888111888111 0.1885480647309738 0.1885464966426864 8.316650131743049e-06
0.8121878121878122 0.1875520906920458 0.1875505308869261 8.316650131584608e-06
0.8131868131868132 0.1865560870151375 0.1865545354934318 8.316650131676179e-06
0.8141858141858141 0.1855600539948584 0.185558510756811 8.316650131382124e-06
0.8151848151848152 0.1845639919228899 0.1845624569687423 8.31665013108734e-06
0.8161838161838162 0.1835679010880138 0.1835663744180051 8.316650131316437e-06
0.8171828171828172 0.1825717817761413 0.1825702633905083 8.316650131520043e-06
0.8181818181818182 0.1815756342703413 0.1815741241693188 8.316650131114044e-06
0.8191808191808192 0.1805794588508696 0.1805779570346895 8.316650130860633e-06
0.8201798201798202 0.1795832557951957 0.1795817622640878 8.316650131049717e-06
0.8211788211788211 0.178587025378031 0.1785855401322229 8.316650131173612e-06
0.8221778221778222 0.1775907678713561 0.1775892909110733 8.316650130684837e-06
0.8231768231768232 0.1765944835444485 0.1765930148699139 8.316650130879746e-06
0.8241758241758241 0.1755981726639086 0.1755967122753429 8.316650131314145e-06
0.8251748251748252 0.1746018354936866 0.1746003833913087 8.316650130388218e-06
0.8261738261738262 0.1736054722951096 0.1736040284791358 8.316650130747892e-06
0.8271728271728271 0.1726090833269064 0.1726076477975509 8.316650131044573e-06
0.8281718281718282 0.1716126688452341 0.1716112416027092 8.316650130993382e-06
0.8291708291708292 0.1706162291037037 0.1706148101482196 8.316650131077603e-06
0.8301698301698301 0.1696197643534053 0.1696183536851698 8.316650131424586e-06
0.8311688311688312 0.1686232748429325 0.1686218724621517 8.316650130477195e-06
0.8321678321678322 0.1676267608184087 0.1676253667252865 8.316650130737744e-06
0.8331668331668332 0.1666302225235103 0.1666288367182483 8.316650131059439e-06
0.8341658341658341 0.1656336601994913 0.1656322826822895 8.316650131394927e-06
0.8351648351648352 0.1646370740852079 0.1646357048562641 8.316650131142516e-06
0.8361638361638362 0.1636404644171418 0.1636391034766519 8.316650131502639e-06
0.8371628371628371 0.1626438314294242 0.1626424787775822 8.316650131094929e-06
0.8381618381618382 0.1616471753538587 0.1616458309908566 8.316650130685165e-06
0.8391608391608392 0.1606504964199451 0.160649160345973 8.316650130831866e-06
0.8401598401598401 0.1596537948549016 0.1596524670701476 8.316650131357105e-06
0.8411588411588412 0.1586570708836877 0.1586557513883383 8.316650130972294e-06
0.8421578421578422 0.157660324729027 0.1576590135232668 8.316650130586769e-06
0.8431568431568431 0.1566635566114293 0.1566622536954407 8.316650130896197e-06
0.8441558441558441 0.155666766749212 0.1556654721231759 8.316650131126478e-06
0.8451548451548452 0.1546699553585226 0.1546686690226181 8.316650130779688e-06
0.8461538461538461 0.1536731226533602 0.1536718446077645 8.316650131267392e-06
0.8471528471528471 0.1526762688455965 0.1526749990904851 8.316650131608804e-06
0.8481518481518482 0.1516793941449968 0.1516781326805437 8.316650130363867e-06
0.8491508491508492 0.1506824987592423 0.1506812455856193 8.316650130590244e-06
0.8501498501498501 0.1496855828939488 0.1496843380113262 8.316650131091565e-06
0.8511488511488512 0.1486886467526884 0.148687410161235 8.31665013056703e-06
0.8521478521478522 0.1476916905370101 0.1476904622368927 8.316650130989432e-06
0.8531468531468531 0.1466947144464591 0.1466934944378429 8.316650131282295e-06
0.8541458541458542 0.1456977186785967 0.1456965069616457 8.316650130071902e-06
0.8551448551448552 0.1447007034290214 0.1446995000038974 8.31665013027941e-06
0.8561438561438561 0.1437036688913866 0.1437024737582499 8.316650130770423e-06
0.8571428571428571 0.1427066152574207 0.1427054284164302 8.316650131074502e-06
0.8581418581418582 0.1417095427169467 0.1417083641682597 8.316650130623959e-06
0.8591408591408591 0.1407124514579004 0.1407112812016726 8.316650130919018e-06
0.8601398601398601 0.1397153416663496 0.1397141797027351 8.316650130634093e-06
0.8611388611388612 0.1387182135265125 0.1387170598556639 8.316650130317119e-06
0.8621378621378621 0.1377210672207763 0.1377199218428446 8.316650130642487e-06
0.8631368631368631 0.1367239029297148 0.1367227658448496 8.316650130993523e-06
0.8641358641358642 0.1357267208321071 0.1357255920404565 8.316650130640916e-06
0.8651348651348651 0.1347295211049552 0.134728400606666 8.31665013017951e-06
0.8661338661338661 0.1337323039235019 0.133731191718719 8.316650130538852e-06
0.8671328671328671 0.1327350694612474 0.1327339655501146 8.316650131112741e-06
0.8681318681318682 0.1317378178899678 0.1317367222726274 8.31665013054275e-06
0.8691308691308691 0.1307405493797315 0.1307394620563244 8.316650131146614e-06
0.8701298701298701 0.1297432640989164 0.129742185069582 8.31665013157103e-06
0.8711288711288712 0.1287459622142265 0.1287448914791031 8.316650130313303e-06
0.8721278721278721 0.1277486438907093 0.1277475814499333 8.316650130928798e-06
0.8731268731268731 0.126751309291771 0.1267502551454779 8.316650131499071e-06
0.8741258741258742 0.1257539585791937 0.1257529127275176 8.316650131035092e-06
0.8751248751248751 0.1247565919131516 0.1247555543562251 8.316650131293117e-06
0.8761238761238761 0.1237592094522264 0.1237581801901808 8.316650131726054e-06
0.8771228771228772 0.1227618113534235 0.1227607903863891 8.316650130406227e-06
0.8781218781218781 0.1217643977721881 0.1217633851002934 8.316650130806061e-06
0.8791208791208791 0.1207669688624196 0.1207659644857921 8.316650131333107e-06
0.8801198801198801 0.1197695247764878 0.1197685286952538 8.316650131722671e-06
0.8811188811188811 0.1187720656652479 0.1187710778795324 8.316650131106159e-06
0.8821178821178821 0.1177745916780558 0.1177736121879824 8.316650131519425e-06
0.8831168831168831 0.1167771029627824 0.1167761317684737 8.316650131133085e-06
0.8841158841158842 0.1157795996658289 0.1157786367674062 8.316650130677415e-06
0.8851148851148851 0.1147820819321414 0.1147811273297246 8.316650131013516e-06
0.8861138861138861 0.1137845499052249 0.1137836035989329 8.316650131430499e-06
0.8871128871128872 0.1127870037271578 0.1127860657171085 8.316650130805329e-06
0.8881118881118881 0.1117894435386068 0.1117885138249166 8.316650130190359e-06
0.8891108891108891 0.1107918694788398 0.110790948061624 8.316650130780804e-06
0.8901098901098901 0.1097942816857406 0.1097933685651134 8.316650131392233e-06
0.8911088911088911 0.1087966802958222 0.1087957754718968 8.316650130646434e-06
0.8921078921078921 0.1077990654442408 0.107798168917129 8.316650131209699e-06
0.8931068931068931 0.106801437264809 0.1068005490346217 8.316650131664574e-06
0.8941058941058941 0.1058037958900092 0.1058029159568563 8.316650130120037e-06
0.8951048951048951 0.1048061414510072 0.1048052698149972 8.316650130676139e-06
0.8961038961038961 0.1038084740776648 0.1038076107389052 8.316650131144418e-06
0.8971028971028971 0.1028107938985526 0.1028099388571501 8.316650130570735e-06
0.8981018981018981 0.1018131010409638 0.1018122542970237 8.316650131202963e-06
0.8991008991008991 0.1008153956309258 0.1008145571845525 8.316650131765678e-06
0.9000999000999002 0.09981767779321328 0.09981684764451028 8.316650130063626e-06
0.9010989010989011 0.09881994765136108 0.09881912580043055 8.316650130517673e-06
0.9020979020979021 0.09782220532767556 0.09782139177461881 8.316650131023862e-06
0.903096903096903 0.0968244509432475 0.09682364568816483 8.316650131502535e-06
0.9040959040959041 0.09582668461796388 0.09582588766095472 8.31665013081662e-06
0.9050949050949051 0.09482890647052035 0.09482811781168289 8.316650131397961e-06
0.9060939060939061 0.09383111661843217 0.09383033625786387 8.316650130857804e-06
0.9070929070929071 0.09283331517804688 0.09283254311584412 8.316650130247612e-06
0.9080919080919081 0.09183550226455546 0.09183473850081353 8.316650130920398e-06
0.9090909090909091 0.09083767799200361 0.09083692252681699 8.316650131490745e-06
0.9100899100899101 0.08983984247330341 0.08983909530676576 8.316650130771099e-06
0.9110889110889111 0.08884199582024482 0.08884125695244872 8.316650130124918e-06
0.9120879120879121 0.08784413814350651 0.08784340757454354 8.316650130766857e-06
0.913086913086913 0.08684626955266679 0.08684554728262771 8.316650131356219e-06
0.9140859140859141 0.08584839015621473 0.08584767618518951 8.316650130757153e-06
0.9150849150849151 0.08485050006156132 0.08484979438963883 8.316650131484261e-06
0.916083916083916 0.08385259937504952 0.08385190200231783 8.316650132305733e-06
0.9170829170829171 0.08285468820196508 0.08285399912851166 8.316650130194073e-06
0.9180819180819181 0.08185676664654788 0.08185608587245885 8.316650130726829e-06
0.919080919080919 0.08085883481200094 0.08085816233736179 8.316650131282048e-06
0.9200799200799201 0.07986089280050156 0.079860228625397 8.316650130777504e-06
0.9210789210789211 0.07886294071321164 0.07886228483772539 8.3166501313508e-06
0.9220779220779221 0.0778649786502872 0.07786433107450223 8.316650131970213e-06
0.9230769230769231 0.07686700671088861 0.07686636743488726 8.316650130033277e-06
0.9240759240759241 0.07586902499319116 0.07586839401705453 8.316650130774046e-06
0.9250749250749251 0.07487103359439362 0.07487041091820225 8.316650131287735e-06
0.926073926073926 0.07387303261072879 0.07387241823456239 8.316650131814958e-06
0.9270729270729271 0.07287502213747281 0.07287441606141039 8.316650131195232e-06
0.9280719280719281 0.07187700226895501 0.0718764044930746 8.316650131981622e-06
0.929070929070929 0.07087897309856668 0.07087838362294577 8.316650131107198e-06
0.9300699300699301 0.06988093471877109 0.06988035354348625 8.31665013040506e-06
0.9310689310689311 0.0688828872211124 0.06888231434623934 8.316650131321113e-06
0.932067932067932 0.06788483069622456 0.06788426612183839 8.316650132022464e-06
0.9330669330669331 0.0668867652338406 0.06688620896001575 8.316650131093816e-06
0.9340659340659341 0.06588869092280183 0.06588814294961189 8.316650130306034e-06
0.935064935064935 0.0648906078510664 0.06489006817858411 8.316650131010533e-06
0.936063936063936 0.06389251610571797 0.06389198473401546 8.316650132150536e-06
0.9370629370629371 0.0628944157729745 0.06289389270212332 8.316650130951447e-06
0.938061938061938 0.06189630693819731 0.06189579216826806 8.316650131749527e-06
0.939060939060939 0.06089818968589884 0.06089768321696151 8.316650132558641e-06
0.9400599400599401 0.05990006409975134 0.05989956593187547 8.316650129755154e-06
0.9410589410589411 0.05890193026259601 0.05890144039585 8.31665013066074e-06
0.942057942057942 0.05790378825644994 0.05790330669090172 8.316650131476465e-06
0.9430569430569431 0.05690563816251501 0.05690516489823197 8.316650130328919e-06
0.9440559440559441 0.05590748006118632 0.05590701509823493 8.316650131164276e-06
0.945054945054945 0.05490931403205944 0.05490885737050563 8.316650132270977e-06
0.9460539460539461 0.05391114015393865 0.05391069179384792 8.316650129229875e-06
0.9470529470529471 0.05291295850484556 0.05291251844628232 8.316650130262886e-06
0.948051948051948 0.05191476916202557 0.05191433740505379 8.316650131383666e-06
0.949050949050949 0.05091657220195642 0.05091614874663947 8.316650132507045e-06
0.9500499500499501 0.04991836770035556 0.04991795254675627 8.316650131304629e-06
0.951048951048951 0.04892015573218813 0.04891974888036849 8.316650132336104e-06
0.952047952047952 0.04792193637167362 0.04792153782169521 8.316650131113939e-06
0.9530469530469531 0.04692370969229413 0.04692331944421781 8.316650129997498e-06
0.954045954045954 0.04592547576680128 0.04592509382068722 8.316650131079195e-06
0.955044955044955 0.04492723466722334 0.0449268610231312 8.316650132137891e-06
0.9560439560439561 0.04392898646487257 0.04392862112286154 8.316650130728151e-06
0.9570429570429571 0.04293073123035261 0.04293037419048117 8.316650129486527e-06
0.958041958041958 0.04193246903356527 0.0419321202958912 8.316650130612444e-06
0.959040959040959 0.0409341999437173 0.04093385950829793 8.316650131914717e-06
0.9600399600399601 0.0399359240293275 0.03993559189621971 8.316650130431333e-06
0.961038961038961 0.03893764135823392 0.03893731752749379 8.316650131773986e-06
0.962037962037962 0.03793935199759996 0.03793903646928311 8.316650133148171e-06
0.9630369630369631 0.03694105601392125 0.036940748788083 8.316650128602254e-06
0.964035964035964 0.03594275347303315 0.0359424545497278 8.316650130016301e-06
0.965034965034965 0.03494444444011589 0.03494415381939744 8.316650131324065e-06
0.9660339660339661 0.03394612897970192 0.03394584666162393 8.316650129788186e-06
0.967032967032967 0.03294780715568255 0.03294753314029784 8.316650131557277e-06
0.968031968031968 0.03194947903131367 0.03194921331867463 8.316650133289063e-06
0.9690309690309691 0.03095114466922225 0.03095088725938099 8.316650127679926e-06
0.97002997002997 0.02995280413141344 0.02995255502442109 8.316650129327941e-06
0.971028971028971 0.02895445747927533 0.02895421667518273 8.316650131296562e-06
0.972027972027972 0.02795610477358605 0.02795587227244356 8.316650133161963e-06
0.9730269730269731 0.02695774607451945 0.02695752187637702 8.31665013114906e-06
0.974025974025974 0.02595938144165158 0.02595916554655846 8.316650132988324e-06
0.975024975024975 0.02496101093396583 0.02496080334197098 8.31665013074813e-06
0.9760239760239761 0.02396263460985962 0.02396243532101142 8.316650128119521e-06
0.977022977022977 0.02296425252714989 0.02296406154149611 8.316650130552124e-06
0.978021978021978 0.02196586474307863 0.0219656820606667 8.316650132857986e-06
0.9790209790209791 0.02096747131431884 0.0209672969351958 8.316650130245012e-06
0.98001998001998 0.01996907229698039 0.01996890622119272 8.316650127447977e-06
0.981018981018981 0.01897066774661539 0.01897050997420901 8.316650130077145e-06
0.9820179820179821 0.01797225771822344 0.01797210824924401 8.316650126905891e-06
0.983016983016983 0.01697384226625786 0.01697370110075037 8.31665012967937e-06
0.984015984015984 0.01597542144463035 0.01597528858263947 8.316650132946483e-06
0.985014985014985 0.01497699530671683 0.01497687074828677 8.316650136586347e-06
0.986013986013986 0.01397856390536243 0.01397844765053718 8.316650124874696e-06
0.987012987012987 0.01298012729288764 0.01298001934171032 8.316650128637555e-06
0.988011988011988 0.01198168552109222 0.01198158587360573 8.316650133017474e-06
0.9890109890109891 0.01098323864126111 0.01098314729750806 8.316650127936755e-06
0.99000999000999 0.009984786704169841 0.009984703664192169 8.316650133068516e-06
0.991008991008991 0.008986329760088846 0.008986255023928193 8.316650139460755e-06
0.9920079920079921 0.007987867858788762 0.00798780142648658 8.316650119438453e-06
0.993006993006993 0.006989401049546155 0.006989342921143039 8.316650125406775e-06
0.994005994005994 0.005990929381147108 0.00599087955668347 8.316650133473542e-06
0.995004995004995 0.004992452901892974 0.004992411381408825 8.316650144700662e-06
0.996003996003996 0.00399397165960487 0.003993938443139932 8.316650133980135e-06
0.997002997002997 0.002995485701628884 0.002995460789222265 8.316650152919011e-06
0.998001998001998 0.001996995074840034 0.001996978466530675 8.316650135268994e-06
0.999000999000999 0.0009984998256477163 0.0009984915214740586 8.316650082892883e-06
1 5.888573049311896e-18 0 1
